Tick PD1 PD2 PD3
620	147	185	185
621	147	186	185
622	146	185	185
623	146	185	185
624	146	185	185
625	145	186	185
626	144	185	185
627	143	185	185
628	142	185	185
629	141	185	185
630	138	185	185
631	137	185	185
632	135	185	185
633	133	185	185
634	130	186	185
635	128	185	185
636	125	185	185
637	122	185	185
638	118	185	185
639	114	185	185
640	109	185	185
641	105	185	185
642	100	185	185
643	95	185	185
644	90	185	185
645	86	185	185
646	82	185	185
647	78	185	185
648	74	185	185
649	71	185	185
650	68	185	185
651	64	185	185
652	61	185	185
653	58	185	185
654	55	185	185
655	53	185	185
656	51	185	185
657	49	185	185
658	48	185	185
659	48	185	185
660	47	185	185
661	46	185	185
662	46	185	185
663	46	185	185
664	45	185	185
665	45	185	185
666	45	185	185
667	45	185	185
668	45	185	185
669	44	185	185
670	44	185	185
671	44	185	185
672	44	185	185
673	44	185	185
674	44	185	185
675	44	185	185
676	44	185	185
677	44	185	185
678	44	185	185
679	43	185	185
680	43	185	185
681	43	185	185
682	43	185	185
683	43	185	185
684	43	185	185
685	43	185	185
686	43	185	185
687	43	185	185
688	43	185	185
689	43	185	185
690	43	185	185
691	43	185	185
692	43	185	185
693	43	185	185
694	43	185	185
695	43	185	185
696	43	185	185
697	43	185	185
698	43	185	185
699	43	185	185
700	43	185	185
701	43	185	185
702	43	185	185
703	43	185	185
704	43	185	185
705	43	185	185
706	43	185	185
707	43	185	185
708	43	185	185
709	43	185	185
710	43	185	185
711	43	185	185
712	43	185	185
713	43	185	185
714	43	185	185
715	43	185	185
716	43	185	185
717	43	185	185
718	43	185	185
719	43	185	185
720	43	185	185
721	43	185	185
722	43	185	185
723	43	185	185
724	43	185	185
725	43	185	185
726	42	185	185
727	43	185	185
728	43	185	185
729	43	185	185
730	43	185	185
731	43	185	185
732	43	185	185
733	42	185	185
734	43	185	185
735	43	185	185
736	43	185	185
737	43	185	185
738	43	185	185
739	43	185	185
740	43	185	185
741	42	185	185
742	43	185	185
743	43	185	185
744	43	185	185
745	43	185	185
746	42	185	185
747	43	185	185
748	42	185	185
749	43	185	185
750	42	185	185
751	42	185	185
752	42	185	185
753	42	185	185
754	42	185	185
755	42	185	185
756	42	185	185
757	42	185	185
758	42	185	185
759	42	185	185
760	42	185	185
761	42	185	185
762	41	185	185
763	41	185	185
764	41	185	185
765	41	185	185
766	41	185	185
767	40	185	185
768	40	185	185
769	40	185	185
770	40	185	185
771	39	185	185
772	39	185	185
773	39	185	185
774	38	185	185
775	38	185	185
776	38	185	185
777	37	185	185
778	37	185	185
779	36	185	185
780	36	185	185
781	36	185	185
782	35	185	185
783	35	185	185
784	34	185	185
785	34	185	185
786	33	185	185
787	33	185	185
788	32	185	185
789	32	185	185
790	31	185	185
791	31	185	185
792	30	185	185
793	30	185	185
794	29	185	185
795	29	185	185
796	29	185	185
797	28	185	185
798	28	185	185
799	28	185	185
800	27	185	185
801	25	185	185
802	24	185	185
803	22	185	185
804	20	185	185
805	19	185	185
806	18	185	185
807	17	185	185
808	16	185	185
809	15	185	185
810	14	185	185
811	13	185	185
812	13	185	185
813	12	185	185
814	12	185	185
815	12	185	185
816	11	185	185
817	11	185	185
818	11	185	185
819	11	185	185
820	10	185	185
821	10	185	185
822	10	185	185
823	10	185	185
824	10	185	185
825	10	185	185
826	10	185	185
827	10	185	185
828	10	185	185
829	10	185	185
830	10	185	185
831	10	185	185
832	10	185	185
833	10	185	185
834	10	185	185
835	10	185	185
836	10	185	185
837	10	185	185
838	10	185	185
839	10	185	185
840	10	185	185
841	10	185	185
842	10	185	185
843	10	185	185
844	10	185	185
845	10	185	185
846	10	185	185
847	10	185	185
848	10	185	185
849	10	185	185
850	10	185	185
851	10	185	185
852	10	185	185
853	10	185	185
854	10	185	185
855	10	185	185
856	10	185	185
857	10	185	185
858	10	185	185
859	10	185	185
860	10	185	185
861	10	185	185
862	10	185	185
863	10	185	185
864	10	185	185
865	10	185	185
866	10	185	185
867	10	185	185
868	10	185	185
869	11	185	185
870	11	185	185
871	11	185	185
872	11	185	185
873	11	185	185
874	11	185	185
875	11	185	185
876	11	185	185
877	12	185	185
878	12	185	185
879	12	185	185
880	12	185	185
881	12	185	185
882	13	185	185
883	13	185	185
884	13	185	185
885	13	185	185
886	14	185	185
887	14	185	185
888	14	185	185
889	15	185	185
890	15	185	185
891	15	185	185
892	16	185	185
893	16	184	185
894	17	185	185
895	18	185	185
896	19	185	185
897	21	185	185
898	22	185	185
899	24	185	185
900	25	185	185
901	27	185	185
902	29	185	185
903	31	185	185
904	33	185	185
905	35	185	185
906	37	185	185
907	40	185	185
908	42	185	185
909	44	185	185
910	47	185	185
911	49	185	185
912	51	185	185
913	53	185	185
914	55	185	185
915	57	185	185
916	59	185	185
917	61	185	185
918	63	185	185
919	64	185	185
920	66	185	185
921	67	185	185
922	69	185	185
923	70	185	185
924	71	185	185
925	72	185	185
926	74	185	185
927	75	185	185
928	77	185	185
929	79	185	185
930	80	185	185
931	81	185	185
932	82	185	185
933	83	185	185
934	84	185	185
935	85	185	185
936	85	185	185
937	86	185	185
938	86	185	185
939	87	185	185
940	87	185	185
941	88	185	185
942	88	185	185
943	88	185	185
944	89	185	185
945	89	185	185
946	89	185	185
947	90	185	185
948	90	185	185
949	90	185	185
950	90	185	185
951	91	185	185
952	91	185	185
953	91	185	185
954	91	185	185
955	91	185	185
956	91	185	185
957	91	185	185
958	91	185	185
959	91	185	185
960	91	185	185
961	91	185	185
962	91	185	185
963	92	185	185
964	92	185	185
965	92	185	185
966	92	185	185
967	92	185	185
968	92	185	185
969	92	185	185
970	92	185	185
971	92	185	185
972	92	185	185
973	92	185	185
974	92	185	185
975	92	185	185
976	92	185	185
977	92	185	185
978	92	185	185
979	92	185	185
980	92	185	185
981	92	185	185
982	92	185	185
983	92	185	185
984	92	185	185
985	92	185	185
986	92	185	185
987	92	185	185
988	92	185	185
989	92	185	185
990	92	185	185
991	92	185	185
992	92	185	185
993	92	185	185
994	92	185	185
995	92	185	185
996	92	185	185
997	92	185	185
998	92	185	185
999	92	185	185
1000	92	185	185
1001	92	185	185
1002	92	185	185
1003	92	185	185
1004	92	185	185
1005	92	185	185
1006	92	185	185
1007	92	185	185
1008	92	185	185
1009	92	185	185
1010	92	185	185
1011	92	185	185
1012	91	185	185
1013	92	185	185
1014	92	185	185
1015	92	185	185
1016	92	185	185
1017	92	185	185
1018	92	185	185
1019	92	185	185
1020	92	185	185
1021	92	185	185
1022	92	185	185
1023	92	185	185
1024	92	185	185
1025	92	185	185
1026	92	185	185
1027	92	185	185
1028	92	185	185
1029	92	185	185
1030	92	185	185
1031	92	185	185
1032	92	185	185
1033	92	185	185
1034	92	185	185
1035	91	185	185
1036	92	185	185
1037	91	185	185
1038	92	185	185
1039	91	185	185
1040	91	185	185
1041	91	185	185
1042	91	185	185
1043	91	185	185
1044	91	185	185
1045	91	185	185
1046	91	185	185
1047	91	185	185
1048	91	185	185
1049	90	185	185
1050	90	185	185
1051	90	185	185
1052	90	185	185
1053	90	185	185
1054	90	185	185
1055	89	185	185
1056	89	185	185
1057	89	185	185
1058	89	185	185
1059	88	185	185
1060	88	185	185
1061	88	184	185
1062	88	185	185
1063	87	184	185
1064	87	185	185
1065	86	185	185
1066	85	185	185
1067	85	185	185
1068	84	185	185
1069	83	185	185
1070	82	185	185
1071	81	185	185
1072	80	185	185
1073	79	185	185
1074	77	185	185
1075	75	185	185
1076	74	184	185
1077	72	185	185
1078	70	185	185
1079	68	185	185
1080	66	185	185
1081	64	185	185
1082	62	185	185
1083	60	184	185
1084	57	185	185
1085	55	185	185
1086	52	184	185
1087	49	185	185
1088	46	185	185
1089	44	184	185
1090	41	184	185
1091	39	184	185
1092	37	184	185
1093	35	184	185
1094	33	184	185
1095	32	184	185
1096	30	184	185
1097	28	184	185
1098	27	184	185
1099	26	184	185
1100	24	184	185
1101	22	185	185
1102	21	184	185
1103	19	185	185
1104	18	185	185
1105	17	185	185
1106	16	185	185
1107	15	184	185
1108	15	184	185
1109	14	185	185
1110	14	184	185
1111	13	184	185
1112	13	184	185
1113	12	185	185
1114	12	184	185
1115	12	185	185
1116	11	185	185
1117	11	184	185
1118	11	184	185
1119	11	184	185
1120	11	184	185
1121	11	184	185
1122	11	185	185
1123	11	185	185
1124	10	184	185
1125	10	184	185
1126	10	184	185
1127	10	184	185
1128	10	184	185
1129	10	184	185
1130	10	185	185
1131	10	184	185
1132	10	184	185
1133	10	184	185
1134	10	184	185
1135	10	184	185
1136	10	184	185
1137	10	185	185
1138	10	184	185
1139	10	184	185
1140	10	184	185
1141	10	184	185
1142	10	184	185
1143	10	184	185
1144	10	184	185
1145	10	184	185
1146	10	184	185
1147	10	184	185
1148	10	184	185
1149	11	184	185
1150	11	184	185
1151	11	184	185
1152	11	184	185
1153	11	185	185
1154	11	184	185
1155	11	184	185
1156	11	184	185
1157	11	185	185
1158	11	184	185
1159	12	184	185
1160	12	184	185
1161	12	184	185
1162	13	184	185
1163	13	184	185
1164	14	184	185
1165	14	184	185
1166	15	184	185
1167	15	185	185
1168	16	184	185
1169	17	185	185
1170	17	185	185
1171	18	185	185
1172	19	184	185
1173	20	185	185
1174	21	185	185
1175	21	184	185
1176	22	185	185
1177	23	185	185
1178	24	184	185
1179	25	184	185
1180	25	184	185
1181	26	184	185
1182	27	185	185
1183	28	185	185
1184	29	184	185
1185	30	185	185
1186	31	185	185
1187	33	185	185
1188	35	185	185
1189	36	184	185
1190	38	185	185
1191	40	184	185
1192	42	184	185
1193	43	185	185
1194	45	185	185
1195	47	185	185
1196	48	185	185
1197	50	185	185
1198	51	185	185
1199	52	185	185
1200	53	185	185
1201	54	185	185
1202	55	185	185
1203	56	184	185
1204	57	185	185
1205	58	184	185
1206	59	184	185
1207	59	185	185
1208	60	184	185
1209	60	185	185
1210	61	184	185
1211	61	185	185
1212	62	185	185
1213	62	185	185
1214	62	185	185
1215	63	185	185
1216	63	185	185
1217	63	185	185
1218	63	185	185
1219	64	185	185
1220	64	185	185
1221	64	185	185
1222	64	185	185
1223	64	185	185
1224	64	185	185
1225	64	185	185
1226	64	185	185
1227	64	185	185
1228	65	185	185
1229	64	185	185
1230	65	185	185
1231	65	185	185
1232	65	185	185
1233	65	184	185
1234	65	185	185
1235	65	184	185
1236	65	185	185
1237	65	185	185
1238	65	184	185
1239	65	184	185
1240	66	184	185
1241	66	185	185
1242	66	185	185
1243	66	184	185
1244	66	185	185
1245	66	185	185
1246	66	184	185
1247	66	184	185
1248	66	184	185
1249	66	185	185
1250	66	184	185
1251	66	185	185
1252	66	185	185
1253	66	185	185
1254	67	185	185
1255	66	185	185
1256	67	185	185
1257	67	184	185
1258	67	185	185
1259	67	184	185
1260	67	185	185
1261	67	185	185
1262	67	185	185
1263	67	184	185
1264	67	185	185
1265	67	185	185
1266	67	184	185
1267	67	185	185
1268	67	184	185
1269	67	184	185
1270	67	184	185
1271	67	185	185
1272	67	185	185
1273	67	185	185
1274	67	185	185
1275	67	185	185
1276	67	184	185
1277	67	184	185
1278	67	184	185
1279	67	185	185
1280	67	184	185
1281	67	185	185
1282	67	185	185
1283	67	184	185
1284	67	184	185
1285	67	184	185
1286	67	185	185
1287	67	185	185
1288	67	185	185
1289	67	185	185
1290	67	184	185
1291	67	185	185
1292	67	185	185
1293	67	185	185
1294	67	185	185
1295	67	185	185
1296	67	185	185
1297	67	185	185
1298	67	185	185
1299	67	185	185
1300	67	185	185
1301	68	185	185
1302	68	185	185
1303	69	185	185
1304	71	185	185
1305	72	185	185
1306	74	185	185
1307	77	185	185
1308	80	185	185
1309	83	185	185
1310	86	185	185
1311	90	184	185
1312	94	184	185
1313	99	185	185
1314	103	184	185
1315	107	185	185
1316	112	184	185
1317	116	185	185
1318	120	185	185
1319	123	185	185
1320	127	185	185
1321	130	185	185
1322	133	185	185
1323	135	185	185
1324	138	185	185
1325	139	185	185
1326	141	185	185
1327	143	185	185
1328	144	185	185
1329	145	185	185
1330	145	185	185
1331	146	185	185
1332	146	185	185
1333	147	185	185
1334	147	185	185
1335	148	185	185
1336	148	185	185
1337	148	185	185
1338	148	185	185
1339	148	185	185
1340	148	185	185
1341	148	185	185
1342	148	185	185
1343	148	185	185
1344	148	185	185
1345	148	185	185
1346	149	185	185
1347	148	185	185
1348	148	185	185
1349	148	185	185
1350	148	185	185
1351	148	185	185
1352	148	185	185
1353	149	185	185
1354	148	185	185
1355	149	185	185
1356	148	185	185
1357	148	185	185
1358	148	185	185
1359	148	185	185
1360	148	185	185
1361	149	185	185
1362	149	185	185
1363	148	185	185
1364	149	185	185
1365	148	185	185
1366	149	185	185
1367	149	185	185
1368	148	185	185
1369	149	185	185
1370	148	186	185
1371	149	185	185
1372	148	185	185
1373	149	185	185
1374	149	185	185
1375	149	185	185
1376	148	185	185
1377	149	185	185
1378	148	185	185
1379	149	185	185
1380	148	185	185
1381	149	185	185
1382	148	185	185
1383	149	185	185
1384	149	185	185
1385	149	185	185
1386	149	185	185
1387	148	185	185
1388	149	186	185
1389	149	185	185
1390	149	185	185
1391	149	185	185
1392	149	185	185
1393	149	185	185
1394	149	185	185
1395	149	185	185
1396	149	185	185
1397	149	185	185
1398	149	185	185
1399	149	185	185
1400	149	185	185
1401	149	185	185
1402	149	185	185
1403	149	185	185
1404	149	185	185
1405	149	185	185
1406	148	185	185
1407	149	185	185
1408	149	185	185
1409	149	185	185
1410	149	185	185
1411	149	185	185
1412	149	185	185
1413	149	185	185
1414	149	185	185
1415	149	186	185
1416	148	185	185
1417	149	185	185
1418	148	185	185
1419	149	185	185
1420	149	185	185
1421	149	185	185
1422	149	185	185
1423	149	185	185
1424	149	185	185
1425	149	185	185
1426	149	185	185
1427	149	185	185
1428	148	185	185
1429	149	185	185
1430	149	185	185
1431	149	185	185
1432	149	185	185
1433	149	185	185
1434	149	186	185
1435	149	185	185
1436	149	186	185
1437	149	185	185
1438	149	185	185
1439	149	186	185
1440	149	186	185
1441	149	185	185
1442	149	185	185
1443	149	186	185
1444	149	185	185
1445	148	186	185
1446	149	185	185
1447	148	185	185
1448	149	185	185
1449	149	185	185
1450	149	185	185
1451	149	185	185
1452	148	185	185
1453	149	185	185
1454	148	185	185
1455	149	185	185
1456	149	185	185
1457	149	185	185
1458	149	185	185
1459	148	185	185
1460	149	185	185
1461	149	185	185
1462	149	185	185
1463	149	185	185
1464	148	185	185
1465	149	185	185
1466	149	185	185
1467	149	185	185
1468	149	185	185
1469	148	185	185
1470	149	185	185
1471	148	185	185
1472	149	186	185
1473	149	185	185
1474	149	185	185
1475	149	185	185
1476	149	185	185
1477	149	185	185
1478	148	185	185
1479	149	185	185
1480	149	185	185
1481	149	185	185
1482	149	185	185
1483	148	185	185
1484	149	185	185
1485	149	186	185
1486	148	185	185
1487	149	185	185
1488	148	185	185
1489	149	185	185
1490	149	186	185
1491	148	185	185
1492	149	185	185
1493	148	185	185
1494	149	186	185
1495	148	185	185
1496	149	186	185
1497	149	185	185
1498	148	185	185
1499	149	185	185
1500	148	185	185
1501	148	185	185
1502	148	186	185
1503	148	185	185
1504	148	185	185
1505	148	185	185
1506	148	185	185
1507	148	185	185
1508	148	185	185
1509	148	185	185
1510	148	185	185
1511	149	185	185
1512	148	185	185
1513	148	185	185
1514	148	185	185
1515	148	186	185
1516	148	185	185
1517	148	185	185
1518	148	185	185
1519	148	185	185
1520	148	186	185
1521	148	185	185
1522	148	185	185
1523	148	185	185
1524	148	185	185
1525	148	185	185
1526	148	185	185
1527	148	185	185
1528	149	185	185
1529	148	185	185
1530	149	185	185
1531	148	185	185
1532	148	185	185
1533	148	185	185
1534	148	185	185
1535	148	185	185
1536	148	185	185
1537	149	185	185
1538	148	185	185
1539	148	185	185
1540	149	185	185
1541	148	185	185
1542	149	185	185
1543	148	186	185
1544	149	186	185
1545	149	185	185
1546	149	185	185
1547	149	185	185
1548	149	185	185
1549	149	185	185
1550	149	185	185
1551	149	185	185
1552	149	186	185
1553	150	185	185
1554	149	185	185
1555	149	186	185
1556	149	186	185
1557	149	186	185
1558	149	185	185
1559	149	185	185
1560	148	185	185
1561	147	185	185
1562	146	185	185
1563	145	185	185
1564	144	185	185
1565	142	185	185
1566	141	185	185
1567	138	185	185
1568	137	185	185
1569	134	185	185
1570	132	186	185
1571	130	185	185
1572	127	185	185
1573	125	185	185
1574	122	185	185
1575	121	185	185
1576	118	185	185
1577	116	185	185
1578	114	185	185
1579	112	185	185
1580	110	185	185
1581	108	185	185
1582	107	185	185
1583	105	185	185
1584	104	185	185
1585	103	185	185
1586	102	185	185
1587	101	185	185
1588	99	185	185
1589	97	185	185
1590	96	185	185
1591	95	185	185
1592	95	185	185
1593	94	185	185
1594	94	185	185
1595	94	185	185
1596	94	185	185
1597	94	185	185
1598	94	185	185
1599	94	185	185
1600	94	185	185
1601	94	185	185
1602	94	185	185
1603	94	185	185
1604	94	185	185
1605	94	185	185
1606	94	185	185
1607	94	185	185
1608	94	185	185
1609	94	185	185
1610	94	185	185
1611	94	185	185
1612	94	185	185
1613	94	185	185
1614	94	185	185
1615	94	185	185
1616	94	185	185
1617	94	185	185
1618	94	185	185
1619	94	185	185
1620	94	185	185
1621	94	185	185
1622	94	185	185
1623	94	185	185
1624	94	185	185
1625	94	185	185
1626	94	185	185
1627	94	185	185
1628	94	185	185
1629	94	185	185
1630	94	185	185
1631	94	185	185
1632	94	185	185
1633	94	185	185
1634	94	185	185
1635	94	185	185
1636	94	185	185
1637	94	185	185
1638	94	185	185
1639	94	185	185
1640	94	185	185
1641	94	185	185
1642	94	185	185
1643	94	185	185
1644	94	185	185
1645	94	185	185
1646	94	185	185
1647	93	185	185
1648	94	185	185
1649	93	185	185
1650	94	185	185
1651	94	185	185
1652	93	185	185
1653	94	185	185
1654	93	185	185
1655	94	185	185
1656	94	185	185
1657	93	185	185
1658	94	185	185
1659	93	185	185
1660	94	185	185
1661	93	185	185
1662	94	185	185
1663	93	185	185
1664	94	185	185
1665	94	185	185
1666	94	185	185
1667	94	185	185
1668	93	185	185
1669	94	185	185
1670	93	185	185
1671	94	185	185
1672	94	185	185
1673	93	185	185
1674	94	185	185
1675	93	185	185
1676	93	185	185
1677	93	185	185
1678	93	185	185
1679	93	185	185
1680	93	185	185
1681	93	185	185
1682	93	185	185
1683	93	185	185
1684	93	185	185
1685	93	185	185
1686	93	185	185
1687	93	185	185
1688	93	185	185
1689	93	185	185
1690	93	185	185
1691	93	185	185
1692	93	185	185
1693	93	185	185
1694	93	185	185
1695	93	185	185
1696	93	185	185
1697	93	185	185
1698	93	185	185
1699	93	185	185
1700	93	185	185
1701	92	185	185
1702	93	185	185
1703	93	185	185
1704	93	185	185
1705	93	185	185
1706	92	185	185
1707	93	185	185
1708	92	185	185
1709	93	185	185
1710	93	185	185
1711	92	185	185
1712	93	185	185
1713	92	185	185
1714	93	185	185
1715	92	185	185
1716	92	185	185
1717	92	185	185
1718	92	185	185
1719	92	185	185
1720	92	185	185
1721	92	185	185
1722	92	185	185
1723	92	185	185
1724	92	185	185
1725	91	185	185
1726	92	185	185
1727	91	185	185
1728	91	185	185
1729	91	185	185
1730	91	185	185
1731	91	185	185
1732	90	185	185
1733	90	185	185
1734	90	185	185
1735	90	185	185
1736	89	184	185
1737	89	184	185
1738	88	185	185
1739	88	184	185
1740	88	184	184
1741	87	185	185
1742	87	185	185
1743	87	185	185
1744	86	185	185
1745	85	185	185
1746	85	185	185
1747	84	185	185
1748	84	185	185
1749	83	185	185
1750	83	185	185
1751	82	185	185
1752	81	185	185
1753	81	185	185
1754	80	185	185
1755	78	185	185
1756	77	185	185
1757	75	185	185
1758	73	185	185
1759	71	185	185
1760	69	185	185
1761	67	185	185
1762	65	185	185
1763	63	185	185
1764	61	185	185
1765	59	185	185
1766	56	185	185
1767	54	185	185
1768	52	185	185
1769	50	185	185
1770	48	185	185
1771	46	185	185
1772	43	185	185
1773	40	185	185
1774	38	185	185
1775	35	185	185
1776	33	185	185
1777	31	185	185
1778	29	185	185
1779	28	185	185
1780	26	185	185
1781	25	185	185
1782	23	185	185
1783	22	185	185
1784	21	185	185
1785	21	185	185
1786	20	185	185
1787	19	185	185
1788	18	185	185
1789	18	185	185
1790	17	185	185
1791	17	185	185
1792	17	185	185
1793	16	185	185
1794	16	185	185
1795	15	185	185
1796	15	185	185
1797	15	185	185
1798	14	185	185
1799	14	185	185
1800	14	185	185
1801	13	185	185
1802	13	185	185
1803	12	185	185
1804	12	185	185
1805	12	185	185
1806	12	185	185
1807	12	185	185
1808	12	185	185
1809	11	185	185
1810	11	185	185
1811	11	185	185
1812	11	185	185
1813	11	185	185
1814	11	185	185
1815	11	185	185
1816	11	185	185
1817	11	185	185
1818	11	185	185
1819	11	185	185
1820	11	185	185
1821	11	185	185
1822	11	185	185
1823	11	185	185
1824	11	185	185
1825	11	185	185
1826	11	185	185
1827	11	185	185
1828	11	185	185
1829	11	185	185
1830	11	185	185
1831	11	185	185
1832	11	185	185
1833	11	185	185
1834	11	185	185
1835	11	185	185
1836	11	185	185
1837	11	185	185
1838	11	185	185
1839	11	185	185
1840	11	185	185
1841	11	185	185
1842	11	185	185
1843	11	185	185
1844	11	185	185
1845	11	185	185
1846	11	185	185
1847	11	185	185
1848	11	185	185
1849	11	185	185
1850	11	185	185
1851	11	185	185
1852	11	185	185
1853	11	185	185
1854	11	185	185
1855	11	185	185
1856	11	185	185
1857	11	185	185
1858	11	185	185
1859	11	185	185
1860	11	185	185
1861	11	185	185
1862	11	185	185
1863	11	185	185
1864	11	185	185
1865	11	185	185
1866	11	185	185
1867	11	185	185
1868	11	185	185
1869	11	185	185
1870	11	185	185
1871	11	185	185
1872	11	185	185
1873	11	185	185
1874	11	185	185
1875	11	185	185
1876	11	185	185
1877	11	185	185
1878	11	185	185
1879	11	185	185
1880	11	185	185
1881	11	185	185
1882	11	185	185
1883	11	185	185
1884	11	185	185
1885	11	185	185
1886	11	185	185
1887	11	185	185
1888	11	185	185
1889	11	185	185
1890	11	185	185
1891	11	185	185
1892	11	185	185
1893	11	185	185
1894	11	185	185
1895	11	185	185
1896	11	185	185
1897	11	185	185
1898	11	185	185
1899	11	185	185
1900	11	185	185
1901	11	185	185
1902	11	185	185
1903	11	185	185
1904	12	185	185
1905	12	185	185
1906	12	185	185
1907	12	185	185
1908	12	185	185
1909	12	185	185
1910	12	185	185
1911	12	185	185
1912	12	185	185
1913	13	185	185
1914	13	185	185
1915	13	185	185
1916	13	185	185
1917	14	185	185
1918	14	185	185
1919	14	185	185
1920	15	185	185
1921	15	185	185
1922	15	185	185
1923	16	185	185
1924	16	185	185
1925	17	185	185
1926	17	185	185
1927	18	185	185
1928	18	185	185
1929	19	185	185
1930	20	185	185
1931	20	185	185
1932	21	185	185
1933	22	185	185
1934	22	185	185
1935	23	185	185
1936	24	185	185
1937	25	185	185
1938	25	185	185
1939	26	185	185
1940	27	185	185
1941	27	185	185
1942	28	185	185
1943	29	185	185
1944	29	185	185
1945	30	185	185
1946	31	185	185
1947	32	185	185
1948	34	185	185
1949	36	185	185
1950	37	185	185
1951	39	185	185
1952	41	185	185
1953	43	185	185
1954	45	185	185
1955	47	185	185
1956	49	185	185
1957	50	185	185
1958	52	185	185
1959	53	185	185
1960	54	185	185
1961	55	185	185
1962	56	185	185
1963	57	185	185
1964	58	185	185
1965	59	185	185
1966	59	185	185
1967	60	185	185
1968	61	185	185
1969	61	185	185
1970	61	185	185
1971	62	185	185
1972	62	185	185
1973	63	185	185
1974	63	185	185
1975	63	185	185
1976	63	185	185
1977	63	185	185
1978	64	185	185
1979	64	185	185
1980	64	185	185
1981	64	185	185
1982	64	185	185
1983	64	185	185
1984	64	185	185
1985	65	185	185
1986	65	185	185
1987	65	185	185
1988	65	185	185
1989	65	185	185
1990	65	185	185
1991	65	185	185
1992	65	185	185
1993	65	185	185
1994	65	185	185
1995	65	185	185
1996	65	185	185
1997	65	185	185
1998	65	185	185
1999	65	185	185
2000	65	185	185
2001	65	185	185
2002	66	185	185
2003	65	185	185
2004	66	185	185
2005	66	185	185
2006	66	185	185
2007	66	185	185
2008	66	185	185
2009	66	185	185
2010	66	185	185
2011	66	185	185
2012	66	185	185
2013	66	185	185
2014	66	185	185
2015	66	185	185
2016	66	185	185
2017	66	185	185
2018	66	185	185
2019	66	185	185
2020	66	185	185
2021	66	185	185
2022	66	185	185
2023	66	185	185
2024	66	185	185
2025	66	185	185
2026	66	185	185
2027	66	185	185
2028	66	185	185
2029	66	185	185
2030	66	185	185
2031	66	185	185
2032	66	185	185
2033	66	185	185
2034	66	185	185
2035	66	185	185
2036	66	185	185
2037	66	185	185
2038	66	185	185
2039	66	185	185
2040	66	185	185
2041	66	185	185
2042	66	185	185
2043	66	185	185
2044	66	185	185
2045	66	185	185
2046	66	185	185
2047	66	185	185
2048	66	185	185
2049	66	185	185
2050	66	185	185
2051	66	185	185
2052	66	185	185
2053	66	185	185
2054	66	185	185
2055	66	185	185
2056	66	185	185
2057	66	185	185
2058	66	185	185
2059	66	185	185
2060	66	185	185
2061	66	185	185
2062	66	185	185
2063	66	185	185
2064	66	185	185
2065	66	185	185
2066	66	185	185
2067	66	185	185
2068	66	185	185
2069	66	185	185
2070	66	185	185
2071	66	185	185
2072	66	185	185
2073	66	185	185
2074	66	185	185
2075	66	185	185
2076	66	185	185
2077	66	185	185
2078	66	185	185
2079	66	185	185
2080	66	185	185
2081	66	185	185
2082	66	185	185
2083	66	185	185
2084	66	185	185
2085	66	185	185
2086	66	185	185
2087	66	185	185
2088	66	185	185
2089	66	185	185
2090	66	185	185
2091	66	185	185
2092	66	185	185
2093	66	185	185
2094	66	185	185
2095	66	185	185
2096	66	185	185
2097	66	185	185
2098	66	185	185
2099	66	185	185
2100	66	185	185
2101	65	185	185
2102	65	185	185
2103	65	185	185
2104	65	185	185
2105	65	185	185
2106	65	185	185
2107	65	185	185
2108	65	185	185
2109	64	185	185
2110	64	185	185
2111	64	185	185
2112	63	185	185
2113	63	185	185
2114	62	185	185
2115	62	185	185
2116	61	185	185
2117	60	185	185
2118	59	185	185
2119	58	185	185
2120	57	185	185
2121	56	185	185
2122	55	185	185
2123	54	185	185
2124	53	185	185
2125	52	185	185
2126	50	185	185
2127	49	185	185
2128	48	185	185
2129	47	185	185
2130	45	185	185
2131	44	185	185
2132	43	185	185
2133	42	185	185
2134	41	185	185
2135	40	185	185
2136	39	185	185
2137	38	185	185
2138	37	185	185
2139	36	185	185
2140	35	185	185
2141	35	185	185
2142	34	185	185
2143	34	185	185
2144	33	185	185
2145	33	185	185
2146	32	185	185
2147	32	185	185
2148	31	185	185
2149	31	185	185
2150	31	185	185
2151	30	185	185
2152	30	185	185
2153	30	185	185
2154	30	185	185
2155	29	185	185
2156	29	185	185
2157	29	185	185
2158	29	185	185
2159	29	185	185
2160	28	185	185
2161	28	185	185
2162	28	185	185
2163	28	185	185
2164	28	185	185
2165	28	185	185
2166	28	185	185
2167	28	185	185
2168	28	185	185
2169	28	185	185
2170	27	185	185
2171	27	185	185
2172	27	185	185
2173	27	185	185
2174	26	185	185
2175	26	185	185
2176	26	185	185
2177	26	185	185
2178	26	185	185
2179	26	185	185
2180	26	185	185
2181	26	185	185
2182	25	185	185
2183	26	185	185
2184	25	185	185
2185	25	185	185
2186	25	185	185
2187	25	185	185
2188	25	185	185
2189	25	185	185
2190	25	185	185
2191	25	185	185
2192	25	185	185
2193	25	185	185
2194	25	185	185
2195	25	185	185
2196	25	185	185
2197	25	185	185
2198	25	185	185
2199	25	185	185
2200	25	185	185
2201	25	185	185
2202	25	185	185
2203	25	185	185
2204	25	185	185
2205	25	185	185
2206	25	185	185
2207	25	185	185
2208	25	185	185
2209	25	185	185
2210	25	185	185
2211	25	185	185
2212	25	185	185
2213	25	185	185
2214	25	185	185
2215	25	185	185
2216	25	185	185
2217	25	185	185
2218	25	185	185
2219	25	185	185
2220	25	185	185
2221	25	185	185
2222	25	185	185
2223	25	185	185
2224	25	185	185
2225	25	185	185
2226	25	185	185
2227	25	185	185
2228	25	185	185
2229	25	185	185
2230	25	185	185
2231	25	185	185
2232	25	185	185
2233	25	185	185
2234	25	185	185
2235	25	185	185
2236	25	185	185
2237	25	185	185
2238	25	185	185
2239	25	185	185
2240	25	185	185
2241	25	185	185
2242	25	185	185
2243	25	185	185
2244	25	185	185
2245	25	185	185
2246	25	185	185
2247	25	185	185
2248	25	185	185
2249	25	185	185
2250	25	185	185
2251	25	185	185
2252	26	185	185
2253	26	185	185
2254	26	185	185
2255	26	185	185
2256	26	185	185
2257	26	185	185
2258	26	185	185
2259	26	185	185
2260	26	185	185
2261	26	185	185
2262	27	185	185
2263	27	185	185
2264	27	185	185
2265	27	185	185
2266	28	185	185
2267	28	185	185
2268	29	185	185
2269	29	185	185
2270	30	185	185
2271	30	185	185
2272	31	185	185
2273	32	185	185
2274	33	185	185
2275	34	185	185
2276	35	185	185
2277	36	185	185
2278	37	185	185
2279	39	185	185
2280	40	185	185
2281	42	185	185
2282	44	185	185
2283	45	185	185
2284	48	185	185
2285	49	185	185
2286	51	185	185
2287	53	185	185
2288	55	185	185
2289	57	185	185
2290	59	185	185
2291	62	185	185
2292	64	185	185
2293	65	185	185
2294	68	185	185
2295	69	185	185
2296	71	185	185
2297	73	185	185
2298	75	185	185
2299	76	185	185
2300	78	185	185
2301	79	185	185
2302	81	185	185
2303	82	185	185
2304	85	185	185
2305	89	185	185
2306	93	185	185
2307	97	185	185
2308	100	185	185
2309	103	185	185
2310	105	185	185
2311	107	185	185
2312	109	185	185
2313	110	185	185
2314	111	185	185
2315	113	185	185
2316	113	185	185
2317	114	185	185
2318	114	185	185
2319	114	185	185
2320	115	185	185
2321	115	185	185
2322	116	185	185
2323	116	185	185
2324	116	185	185
2325	116	185	185
2326	116	185	185
2327	117	185	185
2328	117	185	185
2329	117	185	185
2330	117	185	185
2331	117	185	185
2332	117	185	185
2333	118	185	185
2334	118	185	185
2335	118	185	185
2336	117	185	185
2337	118	185	185
2338	118	185	185
2339	118	185	185
2340	118	185	185
2341	118	185	185
2342	118	185	185
2343	118	185	185
2344	118	185	185
2345	118	185	185
2346	118	185	185
2347	118	185	185
2348	118	185	185
2349	118	185	185
2350	119	185	185
2351	118	185	185
2352	119	185	185
2353	118	185	185
2354	118	185	185
2355	118	185	185
2356	118	185	185
2357	119	185	185
2358	118	185	185
2359	118	185	185
2360	118	185	185
2361	118	185	185
2362	118	185	185
2363	118	185	185
2364	118	185	185
2365	118	185	185
2366	118	185	185
2367	118	185	185
2368	118	185	185
2369	118	185	185
2370	118	185	185
2371	118	185	185
2372	118	185	185
2373	118	185	185
2374	118	185	185
2375	118	185	185
2376	118	185	185
2377	118	185	185
2378	118	185	185
2379	118	185	185
2380	118	185	185
2381	118	185	185
2382	118	185	185
2383	118	185	185
2384	119	185	185
2385	118	185	185
2386	119	185	185
2387	118	185	185
2388	118	185	185
2389	118	185	185
2390	118	185	185
2391	118	185	185
2392	118	185	185
2393	119	185	185
2394	118	185	185
2395	118	185	185
2396	118	185	185
2397	118	185	185
2398	118	185	185
2399	118	185	185
2400	118	185	185
2401	118	185	185
2402	118	185	185
2403	118	185	185
2404	118	185	185
2405	118	185	185
2406	118	185	185
2407	118	185	185
2408	118	185	185
2409	118	185	185
2410	118	185	185
2411	118	185	185
2412	118	185	185
2413	118	185	185
2414	118	185	185
2415	118	185	185
2416	118	185	185
2417	118	185	185
2418	118	185	185
2419	118	185	185
2420	118	185	185
2421	118	185	185
2422	118	185	185
2423	118	185	185
2424	118	185	185
2425	118	185	185
2426	118	185	185
2427	118	185	185
2428	118	185	185
2429	118	185	185
2430	118	185	185
2431	117	185	185
2432	118	185	185
2433	117	185	185
2434	117	185	185
2435	117	185	185
2436	117	185	185
2437	117	185	185
2438	117	185	185
2439	117	185	185
2440	117	185	185
2441	117	185	185
2442	117	185	185
2443	117	185	185
2444	117	185	185
2445	117	185	185
2446	117	185	185
2447	117	185	185
2448	116	185	185
2449	117	185	185
2450	117	185	185
2451	117	185	185
2452	117	185	185
2453	116	185	185
2454	116	185	185
2455	116	185	185
2456	116	185	185
2457	116	185	185
2458	115	185	185
2459	115	185	185
2460	114	185	185
2461	114	185	185
2462	113	185	185
2463	112	185	185
2464	112	185	185
2465	111	185	185
2466	110	185	185
2467	109	185	185
2468	107	185	185
2469	106	185	185
2470	104	185	185
2471	103	185	185
2472	101	185	185
2473	99	185	185
2474	98	185	185
2475	95	185	185
2476	94	185	185
2477	92	185	185
2478	89	185	185
2479	87	185	185
2480	85	185	185
2481	83	185	185
2482	81	185	185
2483	78	185	185
2484	76	185	185
2485	72	185	185
2486	68	185	185
2487	63	185	185
2488	58	185	185
2489	53	185	185
2490	49	185	185
2491	45	185	185
2492	41	185	185
2493	38	185	185
2494	35	185	185
2495	32	185	185
2496	30	185	185
2497	27	185	185
2498	25	185	185
2499	24	185	185
2500	22	185	185
2501	21	185	185
2502	20	185	185
2503	19	185	185
2504	18	185	185
2505	18	185	185
2506	17	185	185
2507	16	184	185
2508	16	185	185
2509	15	185	185
2510	15	185	185
2511	15	185	185
2512	14	185	185
2513	14	185	185
2514	14	185	185
2515	13	185	185
2516	13	185	185
2517	13	185	185
2518	13	185	185
2519	12	185	185
2520	12	185	185
2521	12	185	185
2522	12	185	185
2523	12	185	185
2524	12	185	185
2525	11	185	185
2526	11	185	185
2527	11	185	185
2528	11	185	185
2529	11	185	185
2530	11	185	185
2531	10	185	185
2532	10	185	185
2533	10	185	185
2534	10	185	185
2535	10	185	185
2536	10	185	185
2537	10	185	185
2538	10	185	185
2539	10	185	185
2540	10	185	185
2541	10	185	185
2542	10	185	185
2543	10	185	185
2544	10	185	185
2545	10	185	185
2546	10	185	185
2547	10	185	185
2548	10	185	185
2549	10	185	185
2550	10	185	185
2551	9	185	185
2552	9	185	185
2553	9	185	185
2554	9	185	185
2555	9	185	185
2556	9	185	185
2557	9	185	185
2558	9	185	185
2559	9	185	185
2560	9	185	185
2561	9	185	185
2562	9	185	185
2563	9	185	185
2564	9	185	185
2565	9	185	185
2566	9	185	185
2567	9	185	185
2568	9	185	185
2569	10	185	185
2570	9	185	185
2571	10	185	185
2572	10	185	185
2573	10	185	185
2574	10	185	185
2575	10	185	185
2576	10	185	185
2577	10	185	185
2578	10	185	185
2579	10	185	185
2580	10	185	185
2581	10	185	185
2582	10	185	185
2583	10	185	185
2584	10	185	185
2585	11	185	185
2586	11	185	185
2587	11	185	185
2588	11	185	185
2589	11	185	185
2590	11	185	185
2591	11	185	185
2592	11	185	185
2593	12	185	185
2594	12	185	185
2595	12	185	185
2596	12	185	185
2597	12	185	185
2598	12	185	185
2599	12	185	185
2600	13	185	185
2601	13	185	185
2602	14	185	185
2603	15	185	185
2604	16	185	185
2605	18	185	185
2606	20	185	185
2607	22	185	185
2608	25	185	185
2609	28	185	185
2610	31	185	185
2611	35	185	185
2612	39	185	185
2613	44	185	185
2614	49	185	185
2615	54	185	185
2616	59	185	185
2617	64	185	185
2618	70	185	185
2619	74	185	185
2620	79	185	185
2621	83	185	185
2622	87	185	185
2623	91	185	185
2624	94	185	185
2625	97	185	185
2626	100	185	185
2627	102	185	185
2628	104	185	185
2629	105	185	185
2630	107	185	185
2631	108	185	185
2632	109	185	185
2633	110	185	185
2634	111	185	185
2635	111	185	185
2636	112	185	185
2637	113	185	185
2638	113	185	185
2639	113	185	185
2640	114	185	185
2641	114	185	185
2642	114	185	185
2643	114	185	185
2644	115	185	185
2645	115	185	185
2646	115	185	185
2647	116	185	185
2648	115	185	185
2649	116	185	185
2650	116	185	185
2651	116	185	185
2652	116	185	185
2653	116	185	185
2654	117	185	185
2655	116	185	185
2656	117	185	185
2657	117	185	185
2658	117	185	185
2659	117	185	185
2660	117	185	185
2661	117	185	185
2662	117	185	185
2663	117	185	185
2664	117	185	185
2665	117	185	185
2666	117	185	185
2667	117	185	185
2668	117	185	185
2669	117	185	185
2670	117	185	185
2671	117	185	185
2672	117	185	185
2673	117	185	185
2674	117	185	185
2675	117	185	185
2676	117	185	185
2677	117	185	185
2678	117	185	185
2679	117	185	185
2680	117	185	185
2681	117	185	185
2682	117	185	185
2683	117	185	185
2684	117	185	185
2685	117	185	185
2686	117	185	185
2687	117	185	185
2688	117	185	185
2689	117	185	185
2690	117	185	185
2691	117	185	185
2692	117	185	185
2693	116	185	185
2694	116	185	185
2695	116	185	185
2696	116	185	185
2697	116	185	185
2698	116	185	185
2699	115	185	185
2700	115	185	185
2701	115	185	185
2702	114	185	185
2703	114	185	185
2704	114	185	185
2705	113	185	185
2706	112	185	185
2707	111	185	185
2708	111	185	185
2709	110	185	185
2710	108	185	185
2711	108	185	185
2712	106	185	185
2713	105	185	185
2714	103	185	185
2715	101	185	185
2716	100	185	185
2717	98	185	185
2718	96	185	185
2719	94	185	185
2720	92	185	185
2721	90	185	185
2722	87	185	185
2723	84	185	185
2724	80	185	185
2725	75	185	185
2726	71	185	185
2727	66	185	185
2728	62	185	185
2729	57	185	185
2730	53	185	185
2731	50	185	185
2732	46	185	185
2733	42	185	185
2734	39	185	185
2735	36	185	185
2736	34	185	185
2737	31	185	185
2738	29	185	185
2739	27	185	185
2740	26	185	185
2741	24	185	185
2742	23	185	185
2743	21	185	185
2744	20	185	185
2745	19	185	185
2746	19	185	185
2747	18	185	185
2748	17	185	185
2749	17	185	185
2750	16	185	185
2751	16	185	185
2752	15	185	185
2753	15	185	185
2754	14	185	185
2755	14	185	185
2756	14	185	185
2757	13	185	185
2758	13	185	185
2759	12	185	185
2760	12	185	185
2761	11	185	185
2762	11	185	185
2763	11	185	185
2764	11	185	185
2765	10	185	185
2766	10	185	185
2767	10	185	185
2768	10	185	185
2769	10	185	185
2770	10	185	185
2771	9	185	185
2772	9	185	185
2773	9	185	185
2774	9	185	185
2775	9	185	185
2776	9	185	185
2777	9	185	185
2778	9	185	185
2779	9	185	185
2780	9	185	185
2781	9	185	185
2782	9	185	185
2783	9	185	185
2784	9	185	185
2785	9	185	185
2786	9	185	185
2787	9	185	185
2788	9	185	185
2789	9	185	185
2790	9	185	185
2791	9	185	185
2792	9	185	185
2793	8	185	185
2794	8	185	185
2795	8	185	185
2796	8	185	185
2797	8	185	185
2798	8	185	185
2799	8	185	185
2800	8	185	185
2801	8	185	185
2802	8	185	185
2803	8	185	185
2804	8	185	185
2805	8	185	185
2806	8	185	185
2807	8	185	185
2808	8	185	185
2809	8	185	185
2810	8	185	185
2811	8	185	185
2812	8	185	185
2813	8	185	185
2814	8	185	185
2815	8	185	185
2816	8	185	185
2817	8	185	185
2818	8	185	185
2819	8	185	185
2820	8	185	185
2821	8	185	185
2822	8	185	185
2823	8	185	185
2824	8	185	185
2825	8	185	185
2826	8	185	185
2827	8	185	185
2828	8	185	185
2829	8	185	185
2830	8	185	185
2831	8	185	185
2832	8	185	185
2833	8	185	185
2834	8	185	185
2835	8	185	185
2836	8	185	185
2837	8	185	185
2838	8	185	185
2839	8	185	185
2840	8	185	185
2841	8	185	185
2842	8	185	185
2843	8	185	185
2844	8	185	185
2845	8	185	185
2846	8	185	185
2847	8	185	185
2848	8	185	185
2849	8	185	185
2850	8	185	185
2851	8	185	185
2852	8	185	185
2853	8	185	185
2854	8	185	185
2855	8	185	185
2856	8	185	185
2857	8	185	185
2858	8	185	185
2859	8	185	185
2860	8	185	185
2861	8	185	185
2862	8	185	185
2863	8	185	185
2864	8	185	185
2865	8	185	185
2866	8	185	185
2867	8	185	185
2868	8	185	185
2869	8	185	185
2870	8	185	185
2871	8	185	185
2872	8	185	185
2873	8	185	185
2874	8	185	185
2875	8	185	185
2876	8	185	185
2877	8	185	185
2878	8	185	185
2879	8	185	185
2880	8	185	185
2881	8	185	185
2882	8	185	185
2883	8	185	185
2884	8	185	185
2885	9	185	185
2886	9	185	185
2887	9	185	185
2888	9	185	185
2889	9	185	185
2890	9	185	185
2891	9	185	185
2892	9	185	185
2893	9	185	185
2894	9	185	185
2895	9	185	185
2896	9	185	185
2897	9	185	185
2898	10	185	185
2899	10	185	185
2900	10	185	185
2901	10	185	185
2902	10	185	185
2903	10	185	185
2904	11	185	185
2905	11	185	185
2906	11	185	185
2907	12	185	185
2908	12	185	185
2909	12	185	185
2910	13	185	185
2911	13	185	185
2912	13	185	185
2913	14	185	185
2914	14	185	185
2915	15	185	185
2916	15	185	185
2917	15	185	185
2918	16	185	185
2919	16	185	185
2920	16	185	185
2921	16	185	185
2922	17	185	185
2923	17	185	185
2924	17	185	185
2925	18	185	185
2926	18	185	185
2927	18	185	185
2928	18	185	185
2929	18	185	185
2930	18	185	185
2931	19	185	185
2932	19	185	185
2933	19	185	185
2934	19	185	185
2935	19	185	185
2936	19	185	185
2937	19	185	185
2938	20	185	185
2939	20	185	185
2940	20	185	185
2941	20	185	185
2942	20	185	185
2943	20	185	185
2944	20	185	185
2945	20	185	185
2946	20	185	185
2947	20	185	185
2948	20	185	185
2949	21	185	185
2950	21	185	185
2951	21	185	185
2952	21	185	185
2953	21	185	185
2954	21	185	185
2955	21	185	185
2956	21	185	185
2957	21	185	185
2958	21	185	185
2959	21	185	185
2960	21	185	185
2961	21	185	185
2962	21	185	185
2963	21	185	185
2964	21	185	185
2965	21	185	185
2966	21	185	185
2967	21	185	185
2968	21	185	185
2969	21	185	185
2970	21	185	185
2971	21	185	185
2972	21	185	185
2973	21	185	185
2974	21	185	185
2975	21	185	185
2976	21	185	185
2977	22	185	185
2978	22	185	185
2979	22	185	185
2980	21	185	185
2981	22	185	185
2982	22	185	185
2983	22	185	185
2984	22	185	185
2985	22	185	185
2986	22	185	185
2987	22	185	185
2988	22	185	185
2989	22	185	185
2990	22	185	185
2991	22	185	185
2992	22	185	185
2993	22	185	185
2994	22	185	185
2995	22	185	185
2996	22	185	185
2997	22	185	185
2998	22	185	185
2999	22	185	185
3000	22	185	185
3001	22	185	185
3002	22	185	185
3003	22	185	185
3004	22	185	185
3005	22	185	185
3006	22	185	185
3007	22	185	185
3008	22	185	185
3009	22	185	185
3010	22	185	185
3011	22	185	185
3012	22	185	185
3013	22	185	185
3014	22	185	185
3015	22	185	185
3016	22	185	185
3017	22	185	185
3018	22	185	185
3019	22	185	185
3020	22	185	185
3021	22	185	185
3022	22	185	185
3023	22	185	185
3024	22	185	185
3025	22	185	185
3026	22	185	185
3027	22	185	185
3028	22	185	185
3029	22	185	185
3030	22	185	185
3031	22	185	185
3032	22	185	185
3033	22	185	185
3034	22	185	185
3035	22	185	185
3036	22	185	185
3037	22	185	185
3038	22	185	185
3039	22	185	185
3040	22	185	185
3041	22	185	185
3042	22	185	185
3043	22	185	185
3044	22	185	185
3045	22	185	185
3046	22	185	185
3047	22	185	185
3048	22	185	185
3049	22	185	185
3050	22	185	185
3051	22	185	185
3052	22	185	185
3053	22	185	185
3054	21	185	185
3055	21	185	185
3056	21	185	185
3057	21	185	185
3058	21	185	185
3059	21	185	185
3060	21	185	185
3061	21	185	185
3062	20	185	185
3063	20	185	185
3064	20	185	185
3065	20	185	185
3066	19	185	185
3067	19	185	185
3068	19	185	185
3069	18	185	185
3070	18	185	185
3071	18	185	185
3072	17	185	185
3073	17	185	185
3074	16	185	185
3075	16	185	185
3076	16	185	185
3077	15	185	185
3078	15	185	185
3079	14	185	185
3080	14	185	185
3081	13	185	185
3082	13	185	185
3083	12	185	185
3084	12	185	185
3085	11	185	185
3086	11	185	185
3087	10	185	185
3088	10	185	185
3089	9	185	185
3090	9	185	185
3091	8	185	185
3092	8	185	185
3093	8	185	185
3094	7	185	185
3095	7	185	185
3096	7	185	185
3097	6	185	185
3098	6	185	185
3099	5	185	185
3100	5	185	185
3101	4	185	185
3102	4	185	185
3103	3	185	185
3104	2	185	185
3105	2	185	185
3106	2	185	185
3107	1	185	185
3108	1	185	185
3109	0	185	185
3110	0	185	185
3111	0	185	185
3112	0	185	185
3113	0	185	185
3114	0	185	185
3115	0	185	185
3116	0	185	185
3117	0	185	185
3118	0	185	185
3119	0	185	185
3120	0	185	185
3121	0	185	185
3122	0	185	185
3123	0	185	185
3124	0	185	185
3125	0	185	185
3126	0	185	185
3127	0	185	185
3128	0	185	185
3129	0	185	185
3130	0	185	185
3131	0	185	185
3132	0	185	185
3133	0	185	185
3134	0	185	185
3135	0	185	185
3136	0	185	185
3137	0	185	185
3138	0	185	185
3139	0	185	185
3140	0	185	185
3141	0	185	185
3142	0	185	185
3143	0	185	185
3144	0	185	185
3145	0	185	185
3146	0	185	185
3147	0	185	185
3148	0	185	185
3149	0	185	185
3150	0	185	185
3151	0	185	185
3152	0	185	185
3153	0	185	185
3154	0	185	185
3155	0	185	185
3156	0	185	185
3157	0	185	185
3158	0	185	185
3159	0	185	185
3160	0	185	185
3161	0	185	185
3162	0	185	185
3163	0	185	185
3164	0	185	185
3165	0	185	185
3166	0	185	185
3167	0	185	185
3168	0	185	185
3169	0	185	185
3170	0	185	185
3171	0	185	185
3172	0	185	185
3173	0	185	185
3174	0	185	185
3175	0	185	185
3176	0	185	185
3177	0	185	185
3178	0	185	185
3179	0	185	185
3180	0	185	185
3181	0	185	185
3182	0	185	185
3183	0	185	185
3184	0	185	185
3185	0	185	185
3186	1	185	185
3187	1	185	185
3188	2	185	185
3189	2	185	185
3190	3	185	185
3191	3	185	185
3192	4	185	185
3193	5	185	185
3194	6	185	185
3195	7	185	185
3196	8	185	185
3197	9	185	185
3198	10	185	185
3199	12	185	185
3200	14	185	185
3201	15	185	185
3202	18	185	185
3203	20	185	185
3204	22	185	185
3205	25	185	185
3206	27	185	185
3207	30	185	185
3208	33	185	185
3209	36	185	185
3210	39	185	185
3211	42	185	185
3212	45	185	185
3213	48	185	185
3214	52	185	185
3215	55	185	185
3216	58	185	185
3217	61	185	185
3218	64	185	185
3219	67	185	185
3220	70	185	185
3221	72	185	185
3222	75	185	185
3223	77	185	185
3224	80	185	185
3225	81	185	185
3226	84	185	185
3227	85	185	185
3228	87	185	185
3229	89	185	185
3230	90	185	185
3231	92	185	185
3232	93	185	185
3233	95	185	185
3234	96	185	185
3235	97	185	185
3236	100	185	185
3237	102	185	185
3238	104	185	185
3239	106	185	185
3240	107	185	185
3241	109	185	185
3242	110	185	185
3243	110	185	185
3244	111	185	185
3245	112	185	185
3246	113	185	185
3247	113	185	185
3248	114	185	185
3249	114	185	185
3250	114	185	185
3251	115	185	185
3252	115	185	185
3253	115	185	185
3254	116	185	185
3255	116	185	185
3256	116	185	185
3257	117	185	185
3258	117	185	185
3259	117	185	185
3260	117	185	185
3261	117	185	185
3262	117	185	185
3263	117	185	185
3264	118	185	185
3265	117	185	185
3266	118	185	185
3267	118	185	185
3268	118	185	185
3269	118	185	185
3270	118	185	185
3271	118	185	185
3272	118	185	185
3273	118	185	185
3274	118	185	185
3275	118	185	185
3276	118	185	185
3277	118	185	185
3278	118	185	185
3279	118	185	185
3280	118	185	185
3281	118	185	185
3282	118	185	185
3283	118	185	185
3284	118	185	185
3285	118	185	185
3286	118	185	185
3287	118	185	185
3288	118	185	185
3289	118	185	185
3290	118	185	185
3291	118	185	185
3292	118	185	185
3293	118	185	185
3294	118	185	185
3295	118	185	185
3296	118	185	185
3297	118	185	185
3298	118	185	185
3299	118	185	185
3300	118	185	185
3301	118	185	185
3302	118	185	185
3303	118	185	185
3304	118	185	185
3305	118	185	185
3306	118	185	185
3307	118	185	185
3308	118	185	185
3309	118	185	185
3310	118	185	185
3311	118	185	185
3312	118	185	185
3313	118	185	185
3314	118	185	185
3315	117	185	185
3316	117	185	185
3317	117	185	185
3318	117	185	185
3319	117	185	185
3320	116	185	185
3321	116	185	185
3322	116	185	185
3323	116	185	185
3324	115	185	185
3325	114	185	185
3326	114	185	185
3327	114	185	185
3328	113	185	185
3329	112	185	185
3330	111	185	185
3331	111	185	185
3332	110	185	185
3333	109	185	185
3334	108	185	185
3335	106	185	185
3336	105	185	185
3337	103	185	185
3338	102	185	185
3339	100	185	185
3340	98	185	185
3341	96	185	185
3342	94	185	185
3343	92	185	185
3344	90	185	185
3345	88	185	185
3346	86	185	185
3347	83	185	185
3348	81	185	185
3349	79	185	185
3350	76	185	185
3351	74	185	185
3352	72	185	185
3353	70	185	185
3354	68	185	185
3355	65	185	185
3356	64	185	185
3357	61	185	185
3358	60	185	185
3359	58	185	185
3360	56	185	185
3361	54	185	185
3362	53	185	185
3363	51	185	185
3364	49	185	185
3365	46	185	185
3366	43	185	185
3367	39	185	185
3368	36	185	185
3369	33	185	185
3370	30	185	185
3371	28	185	185
3372	26	185	185
3373	24	185	185
3374	22	185	185
3375	21	185	185
3376	20	185	185
3377	19	185	185
3378	18	185	185
3379	17	185	185
3380	16	185	185
3381	16	185	185
3382	15	185	185
3383	15	185	185
3384	14	185	185
3385	14	185	185
3386	14	185	185
3387	13	185	185
3388	13	185	185
3389	13	185	185
3390	12	185	185
3391	12	185	185
3392	12	185	185
3393	12	185	185
3394	12	185	185
3395	11	185	185
3396	11	185	185
3397	11	185	185
3398	11	185	185
3399	11	185	185
3400	11	185	185
3401	11	185	185
3402	10	185	185
3403	10	185	185
3404	10	185	185
3405	10	185	185
3406	10	185	185
3407	10	185	185
3408	10	185	185
3409	10	185	185
3410	10	185	185
3411	10	185	185
3412	10	185	185
3413	10	185	185
3414	10	185	185
3415	10	185	185
3416	10	185	185
3417	10	185	185
3418	10	185	185
3419	10	185	185
3420	10	185	185
3421	10	185	185
3422	11	185	185
3423	11	185	185
3424	11	185	185
3425	11	185	185
3426	11	185	185
3427	12	185	185
3428	12	185	185
3429	12	185	185
3430	12	185	185
3431	13	185	185
3432	13	185	185
3433	13	185	185
3434	14	185	185
3435	14	185	185
3436	14	185	185
3437	15	185	185
3438	15	185	185
3439	16	184	185
3440	16	185	185
3441	17	185	185
3442	17	185	185
3443	17	185	185
3444	18	185	185
3445	18	185	185
3446	19	185	185
3447	19	184	185
3448	20	185	185
3449	20	185	185
3450	21	185	185
3451	21	185	185
3452	22	185	185
3453	22	185	185
3454	22	185	185
3455	23	185	185
3456	23	185	185
3457	24	185	185
3458	24	185	185
3459	24	185	185
3460	25	185	185
3461	25	185	185
3462	25	185	185
3463	26	185	185
3464	26	185	185
3465	26	185	185
3466	26	185	185
3467	27	185	185
3468	28	185	185
3469	30	185	185
3470	31	185	185
3471	32	185	185
3472	33	185	185
3473	34	185	185
3474	35	185	185
3475	36	185	185
3476	36	185	185
3477	37	185	185
3478	37	185	185
3479	38	185	185
3480	38	185	185
3481	39	185	185
3482	39	185	185
3483	39	185	185
3484	40	185	185
3485	40	185	185
3486	40	185	185
3487	40	185	185
3488	40	185	185
3489	40	185	185
3490	41	185	185
3491	41	185	185
3492	41	185	185
3493	41	185	185
3494	41	185	185
3495	41	185	185
3496	41	185	185
3497	41	185	185
3498	41	185	185
3499	41	185	185
3500	42	185	185
3501	41	185	185
3502	42	185	185
3503	42	185	185
3504	42	185	185
3505	42	185	185
3506	42	185	185
3507	42	185	185
3508	42	185	185
3509	42	185	185
3510	42	185	185
3511	42	185	185
3512	42	185	185
3513	42	185	185
3514	42	185	185
3515	42	185	185
3516	42	185	185
3517	42	185	185
3518	42	185	185
3519	42	185	185
3520	42	185	185
3521	42	185	185
3522	42	185	185
3523	42	185	185
3524	42	185	185
3525	42	185	185
3526	42	185	185
3527	42	185	185
3528	42	185	185
3529	42	185	185
3530	42	185	185
3531	42	185	185
3532	42	185	185
3533	42	185	185
3534	42	185	185
3535	42	185	185
3536	42	185	185
3537	42	185	185
3538	42	185	185
3539	42	185	185
3540	42	185	185
3541	42	185	185
3542	42	185	185
3543	42	185	185
3544	42	185	185
3545	42	185	185
3546	42	185	185
3547	42	185	185
3548	42	185	185
3549	42	185	185
3550	42	185	185
3551	42	185	185
3552	42	185	185
3553	42	185	185
3554	42	185	185
3555	42	185	185
3556	42	185	185
3557	43	185	185
3558	42	185	185
3559	43	185	185
3560	43	185	185
3561	42	185	185
3562	43	185	185
3563	43	185	185
3564	43	185	185
3565	43	185	185
3566	42	185	185
3567	43	185	185
3568	42	185	185
3569	43	185	185
3570	43	185	185
3571	43	185	185
3572	43	185	185
3573	43	185	185
3574	43	185	185
3575	43	185	185
3576	43	185	185
3577	43	185	185
3578	43	185	185
3579	43	185	185
3580	43	185	185
3581	43	185	185
3582	43	185	185
3583	43	185	185
3584	43	185	185
3585	43	185	185
3586	43	185	185
3587	43	185	185
3588	43	185	185
3589	43	185	185
3590	43	185	185
3591	43	185	185
3592	43	185	185
3593	43	185	185
3594	44	185	185
3595	44	185	185
3596	44	185	185
3597	44	185	185
3598	44	185	185
3599	44	185	185
3600	44	185	185
3601	44	185	185
3602	45	185	185
3603	45	185	185
3604	46	185	185
3605	47	185	185
3606	48	185	185
3607	50	185	185
3608	52	185	185
3609	54	185	185
3610	57	185	185
3611	60	185	185
3612	64	185	185
3613	68	185	185
3614	72	185	185
3615	76	185	185
3616	81	185	185
3617	86	185	185
3618	90	185	185
3619	95	185	185
3620	100	185	185
3621	105	185	185
3622	109	185	185
3623	113	185	185
3624	117	185	185
3625	120	185	185
3626	123	185	185
3627	127	185	185
3628	129	185	185
3629	132	185	185
3630	133	186	185
3631	135	186	185
3632	137	186	185
3633	138	185	185
3634	140	185	185
3635	140	185	185
3636	141	186	185
3637	142	185	185
3638	142	185	185
3639	144	185	185
3640	144	186	185
3641	144	185	185
3642	144	186	185
3643	144	185	185
3644	145	186	185
3645	145	185	185
3646	145	185	185
3647	145	185	185
3648	145	186	185
3649	146	185	185
3650	146	185	185
3651	146	185	185
3652	146	185	185
3653	146	185	185
3654	146	185	185
3655	146	185	185
3656	146	185	185
3657	147	185	185
3658	146	185	185
3659	147	185	185
3660	147	185	185
3661	147	185	185