91	49	46
34	28	19
25	16	11
20	23	18
14	34	7
42	50	7
19	3	10
11	23	14
38	27	44
9	43	3
47	41	14
28	25	26
47	7	35
18	18	10
50	22	15
5	9	7
29	6	13
4	31	40
47	15	9
21	29	37
46	43	50
39	24	8
43	40	37
29	26	8
21	5	31
15	33	38
38	44	31
5	36	39
5	36	46
48	28	45
6	28	50
43	45	50
35	13	10
38	25	41
41	44	14
40	34	49
3	7	45
5	5	32
19	9	21
38	45	3
17	3	18
29	32	45
27	50	25
22	19	10
13	6	43
4	22	15
31	18	22
26	12	7
19	26	47
33	4	31
3	20	44
43	20	6
16	13	47
16	8	7
44	11	45
43	11	29
18	18	33
36	30	25
28	26	11
47	18	37
19	10	4
41	35	14
50	8	37
30	4	33
12	6	45
48	9	27
10	32	25
27	4	19
31	3	15
6	30	42
20	15	20
13	22	24
4	4	38
15	23	42
17	33	33
24	23	9
30	26	39
9	23	49
12	21	11
10	8	12
11	19	5
28	6	49
48	46	47
3	5	23
12	3	32
28	22	49
12	45	21
34	38	15
4	23	25
5	11	33
27	43	4
44	27	27
30	39	38
29	24	22
37	32	50
8	25	40
20	15	22
36	6	42
24	18	46
20	7	23
25	12	3
50	8	39
40	25	13
42	15	6
34	20	10
23	30	26
15	33	13
45	36	6
37	24	18
50	11	50
40	33	26
23	36	18
24	22	6
34	29	23
39	24	45
15	15	35
32	26	46
40	29	11
38	19	3
6	10	35
48	12	34
31	40	45
42	43	21
12	46	47
7	29	18
37	34	7
25	6	35
20	13	49
13	47	30
39	47	41
20	34	24
13	47	29
38	5	15
15	31	5
24	41	24
17	8	6
37	47	31
43	28	24
8	24	43
3	27	12
6	38	14
37	34	46
31	15	35
33	36	46
50	42	3
33	33	20
23	45	22
23	39	3
14	36	47
4	30	35
27	11	38
36	9	6
10	5	11
34	30	18
40	24	38
22	42	33
15	5	48
35	48	32
6	35	43
18	29	30
8	34	49
10	24	32
50	29	7
12	28	21
46	47	14
44	18	13
4	17	40
34	31	42
39	25	42
12	46	18
8	28	15
14	11	18
23	9	25
26	16	33
6	20	8
37	39	23
3	28	40
44	29	27
14	18	4
5	4	21
20	25	28
15	30	29
25	5	14
47	9	23
28	35	6
47	18	5
15	23	39
24	24	23
40	28	33
39	42	36
37	50	19
13	49	3
50	13	43
10	32	10
45	8	46
19	12	33
8	27	36
33	4	5
24	9	29
50	48	24
34	3	30
48	39	40
50	33	32
8	15	50
50	16	27
9	22	43
15	9	27
38	26	39
28	24	23
6	15	12
9	35	25
42	30	19
19	26	36
15	45	22
26	3	42
35	41	37
17	4	3
16	28	14
50	10	30
39	39	31
12	48	25
38	27	50
47	29	43
45	35	32
28	27	40
16	46	19
18	16	48
43	49	32
45	36	44
12	13	45
9	32	50
8	43	39
12	29	48
10	42	49
26	48	40
48	28	21
20	17	25
11	15	13
40	42	47
42	19	43
32	29	21
41	41	29
25	42	35
33	19	27
40	33	17
9	19	49
46	8	9
50	22	49
49	40	19
41	45	28
37	42	36
47	35	10
3	22	4
32	30	25
4	5	11
12	42	9
25	9	20
19	12	28
33	16	19
34	40	22
14	21	46
9	26	14
11	49	38
28	31	37
5	36	12
25	5	33
32	19	19
11	42	6
27	46	33
26	50	27
11	18	5
29	45	41
50	8	34
10	48	18
17	18	11
13	9	46
41	43	10
7	10	7
13	39	32
7	7	11
22	17	26
18	46	9
43	39	38
25	10	33
14	5	16
22	18	16
28	38	41
27	7	22
38	13	12
37	40	8
35	8	10
10	31	43
28	29	24
14	10	7
48	10	17
43	31	16
28	18	37
44	14	42
37	21	44
49	39	23
20	32	37
14	44	21
15	47	20
17	37	10
25	9	4
32	49	36
30	21	31
26	30	3
45	22	46
50	17	34
19	4	11
11	35	46
30	26	50
34	21	50
19	34	30
24	41	37
25	18	18
36	10	34
45	46	32
9	15	17
38	21	42
10	35	34
18	48	25
25	33	30
36	38	43
46	39	29
21	28	46
42	30	22
11	7	46
7	49	38
47	23	14
25	28	18
5	42	25
28	44	12
3	26	26
43	14	37
13	31	7
24	29	38
38	6	29
4	30	25
33	49	22
49	39	39
28	42	19
14	30	38
21	23	14
12	30	43
49	8	17
41	20	38
3	35	39
20	17	11
49	33	21
41	34	43
37	6	6
42	46	12
28	27	46
37	32	16
35	48	30
14	13	33
30	20	16
40	18	17
18	35	30
26	9	34
16	27	8
30	50	3
48	9	50
37	5	23
21	36	39
18	45	24
23	42	49
21	42	20
41	24	26
23	7	43
15	38	6
28	4	17
10	44	46
7	30	31
3	49	7
38	22	41
40	44	19
37	48	42
50	19	36
47	12	34
49	6	17
18	12	22
5	3	4
15	50	6
29	47	22
31	6	40
39	40	20
6	15	45
28	29	12
28	20	12
24	38	22
19	10	38
39	49	36
50	15	14
44	30	10
45	41	24
16	23	11
27	35	13
50	6	19
19	50	32
29	50	47
15	48	36
14	21	20
30	16	30
35	26	22
21	18	15
24	40	28
31	29	32
8	8	11
44	10	45
48	37	16
35	8	40
25	6	39
23	35	33
45	38	25
27	41	38
32	37	16
10	31	9
10	46	9
49	42	37
12	39	31
43	49	36
50	34	13
15	29	9
43	6	35
31	11	39
20	10	36
10	19	42
25	26	6
35	44	50
31	34	12
11	21	28
43	43	5
16	11	34
36	8	28
18	40	11
49	32	29
8	42	18
26	24	27
35	29	37
17	10	35
13	29	18
34	40	32
21	40	21
32	26	29
14	8	45
17	20	21
7	26	45
48	30	14
28	31	38
32	22	5
29	4	5
44	36	43
16	15	42
33	23	28
44	19	29
16	26	12
16	37	18
33	41	26
14	19	36
9	27	25
34	29	35
4	27	45
48	19	8
4	29	37
19	3	46
42	16	49
46	12	5
20	10	17
24	9	40
19	7	39
26	50	45
14	28	20
43	13	8
5	13	40
12	23	30
11	4	12
9	45	15
35	19	36
43	48	29
43	44	4
46	29	22
8	11	7
48	31	26
8	38	26
11	37	9
35	19	32
34	11	13
16	37	41
13	3	14
13	3	46
33	37	21
6	28	14
19	16	11
4	14	50
41	31	19
29	38	35
10	28	18
39	7	26
10	19	35
42	35	26
45	9	42
49	39	29
8	38	29
30	11	37
21	21	18
49	44	26
33	31	17
33	28	18
34	26	22
28	10	40
37	34	47
27	30	6
25	13	16
10	8	36
22	39	12
38	5	43
12	15	11
47	50	20
10	13	34
19	15	35
29	16	3
16	31	22
22	48	32
18	10	25
37	19	30
15	8	18
33	16	26
47	50	45
27	32	30
23	16	36
34	19	33
23	29	32
43	48	48
44	29	40
38	4	24
24	50	18
35	10	22
35	6	18
25	32	37
23	32	41
50	25	42
20	26	38
26	43	14
29	10	24
9	12	27
15	28	10
3	38	19
18	3	41
14	6	36
46	18	18
12	49	7
43	6	33
26	45	44
50	44	5
31	13	12
35	26	27
34	19	13
9	6	17
24	41	12
4	48	48
13	38	8
22	34	24
32	14	12
36	23	6
29	13	22
40	38	24
10	9	33
37	5	33
35	4	5
20	6	27
39	47	45
34	44	39
47	35	9
9	34	41
11	22	6
32	9	36
42	44	14
26	15	20
36	40	14
18	30	16
9	19	26
24	49	42
8	23	7
36	30	12
24	9	39
4	46	36
48	17	10
46	49	32
38	3	28
5	37	17
16	36	11
37	13	41
33	50	4
32	40	18
12	3	11
33	34	41
29	6	46
34	49	4
28	19	18
18	10	8
26	6	28
44	21	19
10	16	50
46	29	6
16	23	45
26	4	7
30	34	35
43	39	42
48	25	5
31	29	25
11	43	21
3	3	30
38	50	31
15	38	37
45	50	19
14	47	30
9	10	28
28	29	7
34	13	9
22	21	22
41	33	38
43	37	17
18	4	50
11	11	19
20	16	50
14	41	18
6	48	48
8	14	31
17	42	48
30	16	41
27	30	32
38	24	20
40	39	6
7	15	5
33	44	5
20	16	17
44	49	39
24	44	19
19	36	21
18	4	20
15	12	40
44	43	9
16	40	30
40	50	38
26	9	18
37	19	30
7	27	6
15	49	41
24	42	14
44	19	8
17	16	48
24	26	20
17	27	10
38	27	23
16	45	38
44	29	31
23	41	12
20	31	32
11	32	40
38	21	32
39	21	46
35	24	7
10	3	12
22	12	28
41	20	23
29	15	14
18	27	34
37	13	30
3	12	49
31	50	21
22	32	21
16	7	27
15	9	28
17	18	28
9	31	20
24	37	16
30	17	19
46	6	46
22	17	6
40	28	48
8	14	41
31	30	27
43	26	35
49	50	18
34	6	29
4	37	27
36	11	25
20	24	21
12	10	43
3	34	17
26	7	29
36	43	20
6	50	4
21	37	22
49	6	30
42	10	4
44	43	13
14	50	47
7	8	48
31	22	34
30	13	35
27	12	16
28	36	32
26	20	10
32	14	11
26	27	37
25	14	21
31	43	9
22	47	22
19	7	33
30	36	18
13	20	37
20	29	20
36	27	26
50	36	22
16	15	5
22	49	36
23	22	30
11	15	8
21	37	43
21	43	43
31	13	7
7	32	36
19	22	6
24	16	45
16	12	40
26	41	16
32	33	27
16	37	46
16	34	26
33	27	29
22	46	49
20	45	6
47	8	34
26	26	42
5	19	39
26	22	13
43	23	46
27	50	26
6	25	25
42	20	21
13	12	12
29	39	5
31	24	34
17	50	32
17	40	7
3	45	49
46	3	38
16	3	32
23	4	29
4	11	23
34	29	39
20	13	5
34	41	39
50	37	36
15	38	34
37	14	33
10	21	47
32	33	42
41	5	15
38	7	19
49	14	27
43	37	36
23	4	18
9	23	24
42	34	18
18	20	41
18	36	31
14	13	50
35	15	10
42	22	21
38	3	26
36	23	29
38	28	32
31	32	15
12	27	5
24	32	46
41	5	6
23	13	27
35	49	12
19	22	20
5	9	49
17	16	36
43	7	47
38	49	7
36	33	42
29	43	43
33	24	5
34	47	8
50	43	32
28	31	45
29	33	39
9	6	49
45	29	4
38	15	11
37	27	16
29	19	27
26	13	5
38	33	7
49	44	3
18	19	30
41	3	24
13	33	12
25	47	7
17	22	9
39	26	26
3	4	45
15	36	40
29	34	28
34	11	43
32	6	3
20	39	49
50	42	19
4	7	4
33	27	11
35	35	31
12	25	9
26	18	24
11	24	11
47	30	50
48	12	3
30	28	22
34	21	25
34	8	5
26	33	39
29	10	34
14	34	10
20	50	29
34	5	44
17	25	22
49	21	25
37	10	39
42	20	19
13	21	19
29	19	37
31	15	45
16	13	7
21	36	31
5	15	29
14	42	9
45	6	34
11	29	45
42	35	21
12	16	6
43	22	38
23	26	26
36	44	4
26	4	40
33	8	21
40	35	4
7	6	19
16	10	20
13	34	6
42	18	4
5	48	7
45	16	14
39	47	18
14	3	15
6	28	28
3	8	7
19	19	42
24	47	20
29	19	10
28	14	13
27	38	5
6	21	6
5	13	20
28	28	24
6	23	22
13	50	19
22	25	31
35	44	18
22	41	7
37	23	19
26	37	8
17	24	48
5	17	13
34	11	3
29	14	3
46	50	26
9	38	26
4	25	16
30	5	11
23	38	3
9	21	20
5	29	17
13	12	44
47	8	15
32	41	44
16	31	16
19	20	29
9	43	24
33	26	6
46	24	49
47	34	12
5	7	21
42	30	47
48	38	11
50	28	36
48	15	29
38	24	36
10	32	49
49	23	15
37	32	12
39	40	25
42	16	22
44	46	31
50	50	12
33	13	22
42	11	23
15	23	33
26	3	16
28	33	37
35	33	49
29	14	24
43	32	25
6	3	41
47	24	33
5	38	24
33	17	12
47	37	40
7	37	43
9	33	39
25	29	12
6	27	42
8	45	44
33	3	31
48	47	35
4	36	11
43	19	20
24	38	21
49	7	47
8	25	29
28	16	43
36	22	23
28	14	44
27	21	34
31	17	37
49	18	14
3	22	11
44	16	39
28	14	18
20	24	48
11	38	23
8	34	20
10	20	49
25	46	21
23	13	22
43	17	23
11	42	4
46	24	5
33	18	42
13	12	39
27	41	7
7	8	42
30	38	30
21	38	18
14	49	8
48	45	7
31	7	44
33	36	29
27	3	33
10	20	48
36	48	17
15	30	5
32	14	15
39	18	11
40	22	41
49	39	21
7	32	11
13	39	8
6	25	16
35	4	50
22	20	12
36	22	46
13	7	34
34	13	29
18	19	9
27	9	8
47	33	36
34	17	8
5	11	47
24	6	19
13	25	14
39	15	22
46	27	10
10	15	7
29	44	11
43	16	14
35	29	27
23	37	19
21	5	23
14	41	50
33	49	45
32	42	48
50	41	20
11	31	20
36	44	33
32	39	33
44	18	37
16	17	40
14	21	17
20	35	36
50	25	34
35	41	24
3	46	15
32	20	16
29	18	6
16	15	9
19	11	11
11	22	4
29	27	19
50	26	5
18	26	24
18	16	7
18	42	50
3	4	37
41	45	45
50	39	49
16	40	4
50	26	36
50	48	17
11	40	40
17	33	28
10	16	23
20	38	37
26	43	17
32	49	3
17	30	9
12	6	48
9	40	29
16	7	20
49	25	15
25	34	11
7	24	7
40	3	19
21	35	26
46	22	15
35	45	16
40	41	14
29	50	38
33	9	7
39	47	20
40	42	49
50	4	20
42	10	40
6	7	24
15	49	44
10	9	6
47	17	14
24	35	39
15	7	6
39	31	49
5	7	13
18	25	27
10	16	10
23	23	7
14	22	33
4	46	14
39	19	44
41	21	30
42	45	5
31	13	39
44	30	30
25	28	36
30	37	22
34	3	7
35	47	5
47	23	10
9	13	46
15	29	18
14	30	20
17	16	46
25	30	32
39	18	21
29	40	49
19	33	40
14	36	21
15	10	9
44	22	36
19	36	36
18	23	35
23	9	37
9	36	14
48	10	33
45	33	29
40	34	46
37	49	46
47	49	49
18	40	33
17	43	17
41	19	27
33	48	32
12	19	20
19	48	20
31	5	44
13	44	50
24	39	40
39	21	29
39	48	38
39	20	18
34	7	40
40	19	32
33	7	12
45	45	28
3	34	12
7	8	11
43	5	4
6	20	47
45	30	26
19	22	49
41	7	22
9	39	8
43	26	3
11	15	32
49	13	14
25	29	41
39	15	5
17	11	38
12	10	3
6	39	13
17	9	32
5	9	50
27	37	24
32	12	47
34	21	9
6	36	49
36	32	40
27	38	39
15	12	27
18	18	27
10	7	36
6	38	22
43	29	34
23	7	37
49	22	49
9	37	21
50	35	25
42	34	24
3	29	44
16	3	6
35	48	23
23	50	21
21	49	29
50	30	18
6	9	24
11	27	42
22	49	22
29	44	21
46	12	25
13	49	16
18	32	38
28	15	34
34	24	44
18	22	31
3	42	22
5	4	27
38	40	18
10	47	37
19	50	27
21	35	46
15	14	20
18	34	30
21	31	18
17	5	11
20	18	39
15	18	49
37	22	32
44	25	6
35	36	31
7	25	47
38	10	36
34	46	25
25	13	32
4	48	27
27	20	40
38	38	38
5	20	16
5	42	34
26	3	20
25	18	37
29	43	3
22	29	47
26	33	34
49	43	44
6	21	44
34	19	42
15	25	11
15	47	50
7	31	40
21	22	26
24	14	37
9	42	44
35	30	22
33	29	20
28	8	16
30	27	7
32	3	9
24	33	7
34	37	19
38	44	16
29	17	7
19	17	34
26	6	27
10	9	35
41	9	38
37	5	41
16	4	5
43	5	40
13	36	3
26	46	5
33	13	5
38	13	39
49	33	46
26	49	11
22	34	35
7	18	22
4	26	30
34	11	23
26	29	25
7	23	31
40	15	18
8	10	19
22	35	44
21	45	19
50	5	47
37	42	11
49	16	15
16	36	40
36	44	8
32	16	42
42	34	18
14	36	15
23	11	33
4	11	28
9	35	27
12	5	27
8	10	8
20	9	11
27	12	20
48	9	26
28	47	24
35	7	29
28	49	32
15	35	48
35	28	28
10	39	12
46	41	34
15	45	47
14	8	12
13	44	23
35	25	15
4	38	26
30	21	12
29	29	25
23	4	13
33	37	50
41	15	3
37	39	5
20	34	38
13	25	35
4	20	35
8	14	36
46	45	25
35	13	31
48	45	25
8	42	43
38	47	37
31	27	21
12	23	3
33	21	37
20	10	23
45	29	40
31	38	29
35	6	23
15	4	42
40	37	22
34	31	11
17	39	3
36	20	18
5	45	40
19	21	43
11	24	28
12	14	26
13	4	16
6	45	22
47	30	35
4	10	5
50	12	24
38	30	17
28	20	29
30	29	41
11	30	6
22	6	22
35	38	16
29	4	21
10	17	17
43	21	29
46	29	25
40	37	33
45	23	25
37	36	17
14	15	8
22	4	4
41	25	32
38	29	47
8	25	39
13	47	8
31	5	28
13	8	24
8	29	36
11	20	39
14	48	11
39	45	46
16	17	35
31	4	50
3	18	4
44	28	45
41	18	50
23	33	45
8	20	13
49	29	21
40	24	3
16	22	4
12	35	14
44	35	17
12	46	18
29	47	6
32	46	35
16	50	24
38	18	46
33	33	7
24	24	44
12	42	10
37	20	10
30	41	21
27	12	46
50	5	45
45	4	43
23	4	37
24	19	27
20	27	25
37	39	11
48	14	13
41	39	18
36	16	14
43	12	18
32	37	31
12	23	7
4	39	18
33	23	7
4	38	5
23	41	29
36	13	18
19	37	38
36	13	21
50	45	50
13	30	20
38	20	39
14	27	43
31	45	38
32	50	47
11	25	48
7	10	25
44	34	23
6	21	39
17	20	37
47	50	45
25	11	7
21	34	49
18	38	50
34	44	32
36	34	46
16	6	24
18	18	29
29	9	37
33	39	46
18	32	28
37	10	8
47	32	39
29	14	5
24	25	25
40	33	30
34	18	34
49	5	32
18	28	23
34	8	17
17	37	33
30	42	43
37	6	37
24	38	5
26	47	29
21	5	45
40	23	36
22	37	16
22	8	7
17	48	15
22	45	41
46	50	38
31	6	28
41	8	13
49	50	11
36	7	32
49	47	26
30	4	43
14	28	38
20	30	14
37	37	9
13	26	3
49	31	22
19	31	9
32	11	6
3	29	25
29	10	30
6	39	50
19	4	21
43	44	45
40	32	44
30	45	12
48	18	32
17	42	11
20	40	27
49	18	33
9	9	50
23	45	47
46	45	49
31	41	10
27	35	16
38	26	13
27	30	47
6	50	29
29	28	29
26	19	3
34	21	27
21	8	11
14	18	43
42	13	33
8	27	12
26	30	3
42	31	10
41	10	32
9	4	22
40	18	29
42	16	15
41	30	29
6	19	19
3	5	34
34	4	45
35	40	16
13	18	44
10	47	31
21	3	8
16	40	38
3	13	31
19	8	31
42	9	42
20	44	43
15	35	31
27	36	46
38	14	39
38	37	31
32	25	4
28	8	25
35	3	22
23	20	10
17	31	19
8	47	17
32	27	42
10	14	8
43	34	15
48	3	32
44	47	15
16	37	14
28	33	4
9	27	13
26	26	47
42	38	4
18	48	19
33	50	9
36	34	40
30	46	5
19	4	43
36	29	39
11	28	48
43	9	50
5	22	47
30	3	30
16	20	40
20	49	12
49	25	33
12	28	23
14	21	30
38	25	27
45	33	41
12	17	48
9	39	27
18	29	47
22	4	8
46	47	10
47	30	4
11	15	19
19	6	24
17	49	48
14	11	8
8	27	18
46	9	49
34	40	40
37	10	47
40	42	31
22	38	8
11	13	8
40	36	43
34	10	12
25	24	30
43	40	31
11	49	16
11	17	38
22	44	30
37	8	41
18	50	3
50	47	42
31	37	41
45	34	48
35	44	25
16	13	25
48	40	5
40	19	30
27	15	31
50	34	37
36	3	17
17	29	30
30	36	23
18	35	13
42	13	41
38	42	21
33	28	20
38	42	27
29	27	23
49	44	39
46	50	44
40	24	47
3	38	28
12	3	47
37	36	16
20	5	4
35	43	13
14	46	47
32	46	18
34	36	42
37	27	39
29	29	28
15	5	37
46	45	13
11	24	37
7	12	28
44	29	34
44	23	9
31	37	32
37	46	3
23	45	7
15	43	10
23	50	13
29	8	44
41	3	11
35	10	19
47	10	46
6	24	17
43	38	21
33	29	44
17	39	36
41	21	45
33	22	33
4	18	31
13	15	46
45	7	42
25	23	42
14	6	5
32	50	39
45	45	50
25	17	42
43	50	36
21	20	29
6	46	9
32	9	25
3	39	8
7	12	49
15	36	3
19	43	13
50	25	43
19	23	26
18	47	12
43	8	31
42	22	43
3	29	50
14	30	44
23	13	10
35	44	33
12	9	13
15	36	29
21	36	41
13	39	45
17	5	46
50	11	10
17	16	39
12	42	17
44	25	6
27	26	7
38	15	44
36	40	5
37	5	29
7	34	29
15	36	4
48	7	28
17	3	44
32	33	35
32	7	16
17	19	9
18	12	37
14	41	9
16	17	24
22	9	35
39	3	40
22	16	5
47	3	31
26	41	26
50	38	37
31	44	29
21	17	36
13	17	12
49	7	40
29	45	5
30	17	11
19	17	22
4	14	33
12	21	12
41	43	19
36	28	16
11	46	38
39	32	37
34	13	39
22	16	13
20	4	40
13	12	18
19	46	20
12	3	4
32	49	31
38	19	35
28	29	16
45	36	48
28	29	7
38	12	33
45	8	17
16	47	40
21	48	12
31	16	23
39	26	46
26	23	34
14	14	5
17	34	33
49	38	7
8	21	9
28	20	28
35	39	38
12	19	24
39	26	5
40	46	30
38	11	11
22	45	41
41	7	35
18	35	12
19	17	46
25	25	31
7	40	48
46	45	8
47	11	19
14	24	35
35	35	21
22	12	47
16	3	48
36	28	10
19	45	18
27	47	35
47	44	37
49	12	31
34	46	30
38	17	22
47	25	39
9	21	11
37	44	16
22	24	47
20	25	42
4	40	48
43	20	48
17	24	42
31	27	5
16	19	43
33	35	33
50	29	7
14	22	10
4	35	45
47	20	44
50	49	31
36	9	40
10	11	23
18	22	36
47	31	35
15	40	22
44	45	23
39	24	42
3	39	37
32	4	16
42	21	26
10	34	45
7	48	11
13	13	33
5	13	48
45	14	14
36	27	35
24	11	28
8	48	4
6	42	38
19	18	25
16	31	5
14	14	47
25	9	42
9	7	20
23	33	28
49	4	35
18	9	18
4	17	14
40	38	36
34	37	35
24	19	17
26	5	13
18	38	42
50	34	17
30	20	26
3	28	33
10	15	32
10	45	4
27	21	11
45	17	29
40	32	5
10	4	32
5	22	31
14	48	49
40	9	21
38	23	42
23	41	42
45	47	27
16	22	27
40	17	12
18	37	23
13	35	38
7	42	27
32	15	4
6	48	5
38	34	49
46	38	40
35	32	8
46	8	4
50	8	5
50	24	19
22	23	6
49	6	15
4	20	44
23	34	42
5	13	4
23	9	44
33	14	19
26	33	26
11	21	30
47	22	6
23	45	19
8	3	29
26	17	20
29	34	21
48	33	5
12	18	21
19	30	38
12	20	33
21	11	33
30	41	38
43	39	5
41	3	30
18	46	38
10	35	48
24	40	46
31	19	8
16	6	37
35	8	23
39	21	36
37	26	12
36	42	30
33	4	38
10	39	34
45	41	46
17	40	42
14	8	40
43	7	19
42	12	20
45	11	48
34	38	5
49	29	9
20	34	15
31	16	33
14	8	9
12	37	6
49	49	13
36	5	22
40	22	40
30	21	24
49	48	4
41	28	26
40	3	39
7	15	48
24	36	27
25	38	32
40	8	50
8	47	50
21	21	33
7	40	11
24	29	28
29	29	31
5	19	18
3	29	15
28	39	31
24	29	12
17	24	23
36	32	32
47	16	35
16	40	46
44	19	39
14	29	29
16	28	40
8	35	20
35	42	39
25	44	32
41	3	3
14	16	34
11	50	33
42	29	12
38	3	44
31	29	5
38	5	48
32	26	38
35	42	27
45	10	50
37	39	4
18	33	45
34	37	29
10	16	32
48	42	11
22	19	32
12	35	9
14	26	11
43	16	42
42	33	45
4	45	17
41	24	18
15	20	43
37	22	21
21	49	44
13	42	48
30	40	44
22	19	50
44	15	26
12	47	7
46	29	34
28	25	4
14	39	25
14	6	25
47	48	12
16	11	34
47	30	14
19	14	37
15	4	40
18	18	32
47	46	34
15	33	19
3	38	22
5	12	15
8	16	33
49	26	10
41	11	6
16	27	47
42	35	32
29	20	23
37	50	26
7	17	16
12	3	26
38	11	48
43	31	18
45	33	20
48	27	27
46	7	18
8	31	12
3	42	28
28	37	29
30	17	34
20	38	7
40	17	48
26	38	13
30	37	16
19	5	26
29	47	46
47	29	28
19	45	3
33	34	29
16	20	44
6	16	7
16	20	20
43	47	26
13	7	22
3	40	40
37	29	18
23	12	25
24	42	7
6	31	47
44	21	46
6	23	30
45	33	14
6	10	3
16	39	20
4	37	32
16	33	48
22	9	40
45	45	21
23	42	45
4	46	10
3	29	22
28	30	27
43	28	5
44	17	32
43	6	38
33	13	11
49	28	47
48	29	31
22	35	37
40	50	37
28	7	30
29	8	40
48	18	39
32	38	22
39	32	3
29	8	13
31	26	50
37	7	25
18	12	42
8	18	31
43	5	22
6	48	13
9	7	19
15	39	21
44	33	49
39	11	17
12	24	11
50	17	33
13	20	50
36	28	23
7	11	29
47	30	14
33	44	45
35	31	46
36	41	20
3	37	46
37	49	12
10	25	25
17	43	38
25	38	45
20	3	31
8	38	18
35	28	27
8	45	7
7	4	8
35	35	11
5	24	49
26	31	33
7	40	14
9	15	43
25	33	32
23	34	47
6	16	50
24	6	27
34	5	39
41	22	16
26	16	20
49	27	16
42	11	6
42	23	37
34	24	45
5	24	42
12	41	46
16	25	22
21	4	14
42	26	20
17	41	5
36	38	20
12	22	42
36	16	46
12	29	4
46	6	35
15	24	43
42	35	39
31	47	31
12	11	28
3	36	11
42	14	10
45	32	12
27	26	49
21	41	19
34	23	4
22	21	6
46	22	9
22	30	16
40	48	18
20	22	38
25	38	6
26	9	43
38	16	4
3	18	24
21	36	36
10	36	22
27	46	19
23	5	15
50	15	48
37	37	42
27	41	14
22	3	39
14	32	28
25	18	29
49	7	36
6	6	18
16	32	29
48	44	27
24	29	3
4	38	38
41	9	23
12	10	48
4	33	7
45	3	36
29	48	12
20	24	29
28	24	23
48	49	31
44	11	12
32	3	21
18	18	48
21	11	15
29	6	5
34	34	37
4	39	44
42	7	16
23	5	45
6	3	16
28	28	45
31	17	39
8	33	26
5	13	29
9	30	17
33	31	19
5	40	11
34	47	21
45	23	4
12	21	40
21	29	15
6	40	16
22	6	19
14	10	7
22	30	29
13	6	50
30	16	45
43	47	33
4	37	49
17	39	32
24	10	7
17	27	29
40	25	39
32	30	37
24	10	43
5	12	10
4	46	31
39	23	18
34	48	47
34	4	19
47	29	24
24	48	25
34	30	43
7	47	15
28	23	16
43	42	14
47	50	25
11	43	44
39	37	16
20	26	48
47	37	15
43	11	26
43	20	50
50	29	13
39	48	34
34	34	20
8	29	36
50	46	36
41	17	6
31	26	40
10	34	40
28	13	38
13	32	46
15	9	12
41	38	22
5	7	12
33	26	43
27	31	13
43	20	10
30	28	34
48	12	4
8	16	11
29	43	33
19	37	12
21	42	41
42	18	46
35	13	49
47	29	24
10	5	39
21	36	30
5	41	12
23	4	43
44	14	19
27	16	14
20	49	38
49	11	42
33	16	8
17	20	47
44	25	47
20	25	14
21	31	29
28	7	6
43	49	22
29	8	18
8	42	43
26	27	24
6	27	20
18	44	47
49	31	30
32	3	31
44	5	28
7	5	6
40	17	31
47	32	47
25	27	38
41	21	33
5	46	20
40	24	15
14	47	44
45	41	33
23	20	20
36	7	43
39	37	47
21	29	35
42	14	47
13	3	17
16	41	30
46	7	45
38	23	5
39	18	39
28	20	27
13	11	18
23	35	35
3	5	16
47	24	23
47	27	10
42	41	6
4	30	14
26	33	37
16	25	49
42	4	48
46	3	22
12	11	18
27	10	28
35	21	8
19	30	34
44	37	13
32	25	45
47	7	5
31	35	26
35	10	37
4	8	24
17	45	44
30	38	18
43	24	7
14	42	21
3	14	39
36	34	49
40	10	48
36	41	9
37	14	12
19	49	35
32	50	36
46	28	31
39	37	10
46	27	4
19	40	14
29	26	39
41	29	45
32	13	10
16	21	44
22	13	4
50	38	47
46	28	17
23	27	32
23	29	12
47	15	8
12	26	35
30	8	4
45	49	32
14	16	15
33	25	47
35	40	8
20	23	50
21	33	21
32	33	35
50	24	18
27	42	16
38	28	14
3	20	23
45	6	19
14	33	34
47	7	31
8	46	30
12	14	29
26	10	26
50	20	19
48	14	11
46	13	44
5	3	45
24	26	47
24	29	38
46	16	28
3	25	44
14	36	15
21	4	5
49	37	40
10	14	5
47	23	8
23	12	14
36	5	40
43	4	24
12	50	34
36	9	45
24	21	8
42	35	31
33	28	26
26	7	26
24	28	31
25	37	10
42	19	32
25	43	34
39	4	35
45	29	17
13	49	8
19	25	3
15	30	39
25	31	50
4	39	13
45	14	14
45	32	17
20	8	17
21	26	20
29	47	30
8	22	9
17	29	34
23	43	35
20	22	27
36	8	45
37	8	17
46	10	17
36	18	10
21	29	13
31	29	30
21	46	24
16	48	43
10	37	3
18	18	4
27	5	23
6	6	21
49	31	23
16	39	40
21	11	36
33	30	20
20	17	36
6	42	3
45	4	42
26	18	9
6	22	20
46	45	37
16	22	19
6	43	37
8	30	18
41	13	22
23	41	34
46	24	20
17	48	3
38	50	21
30	13	9
25	24	9
33	47	14
10	31	49
8	9	13
19	13	17
32	12	29
22	30	41
5	20	49
14	11	24
25	7	30
38	21	50
20	15	11
27	49	43
50	3	8
18	11	6
15	46	35
13	37	3
17	32	49
41	40	40
28	40	25
14	25	36
42	44	44
22	39	34
38	24	23
48	49	44
11	32	43
15	18	5
29	22	36
47	3	28
14	20	28
49	28	26
39	34	32
24	30	49
25	33	38
24	44	43
40	11	46
16	44	37
13	37	12
18	3	38
45	25	36
36	49	38
27	50	5
8	13	36
23	15	29
36	8	17
4	28	29
8	5	14
46	4	5
27	14	50
34	36	15
48	6	37
40	18	44
33	39	50
37	20	12
43	22	42
21	34	15
22	30	15
38	10	30
7	17	20
36	37	40
49	23	17
44	42	47
45	12	22
33	42	6
37	46	47
49	47	20
5	29	30
13	45	31
5	14	16
12	22	31
45	10	21
5	4	32
39	20	48
9	23	39
10	39	4
46	46	36
34	43	15
35	16	22
26	16	50
21	16	39
22	9	17
33	20	36
14	6	16
16	34	16
41	39	19
40	36	40
22	32	16
47	11	40
38	41	15
6	3	26
8	4	28
42	34	9
35	49	21
50	28	29
11	49	18
17	7	36
9	9	42
26	46	47
21	35	9
17	35	25
45	21	13
46	16	42
43	31	48
19	45	45
3	5	11
23	43	43
4	13	6
20	13	19
23	10	19
43	20	15
50	14	39
50	15	9
3	42	33
23	24	5
23	24	28
12	38	45
24	10	30
28	27	40
5	49	5
25	10	19
6	18	20
34	47	28
7	8	19
10	5	29
39	3	49
6	15	42
44	4	31
28	42	37
37	19	23
26	20	22
10	45	21
38	32	30
15	50	32
35	13	31
9	43	15
16	38	36
43	47	20
41	20	9
42	29	9
13	40	20
37	36	42
22	38	18
16	41	3
16	6	10
26	13	3
18	9	20
30	35	19
32	45	35
17	23	25
12	37	38
36	47	22
44	17	28
28	36	22
24	43	34
4	25	9
28	8	45
30	29	23
29	33	43
42	8	31
32	27	36
28	21	25
12	11	47
30	4	11
36	36	12
19	40	47
13	15	5
21	49	31
41	21	50
14	14	43
21	44	15
15	32	34
48	28	40
6	45	20
9	29	43
5	49	6
16	30	45
22	38	27
11	8	34
16	32	31
16	11	38
39	40	12
41	43	36
9	30	37
6	38	10
29	17	12
22	18	47
44	21	15
3	46	48
27	9	37
9	21	22
16	29	16
3	7	41
3	30	42
40	38	23
31	12	3
41	41	7
47	33	36
30	41	31
22	29	40
43	21	5
6	18	28
8	29	36
5	12	42
40	5	5
19	3	28
50	4	49
44	41	9
19	13	7
43	19	33
50	14	17
30	48	47
20	29	28
25	27	6
30	17	31
21	45	11
31	33	36
38	31	35
9	13	21
15	26	9
4	10	13
9	4	37
19	45	16
16	48	31
11	9	29
40	15	50
18	44	7
37	28	6
23	31	39
37	43	40
37	29	28
4	16	43
44	30	49
35	23	43
29	35	14
17	34	43
16	22	50
40	24	34
23	34	3
17	28	7
29	15	24
5	6	34
28	12	36
15	19	29
7	50	37
20	9	29
30	6	7
31	39	43
36	11	22
26	40	10
6	18	42
4	17	48
29	12	37
28	48	6
22	49	30
25	18	34
29	26	23
35	29	40
12	47	15
18	29	16
41	12	28
36	44	7
15	33	15
39	35	36
7	16	32
15	34	10
32	7	25
42	3	46
47	35	14
27	49	37
38	40	16
12	20	40
8	7	10
45	26	12
41	40	4
3	48	45
39	20	8
34	12	16
4	49	24
49	14	40
21	15	45
13	27	12
16	18	37
32	25	15
17	18	33
7	12	49
27	31	3
34	12	19
18	49	22
27	50	36
9	48	36
17	49	41
34	6	33
17	41	27
19	16	4
49	45	34
22	50	37
23	34	3
21	27	27
18	13	39
5	33	17
7	7	7
3	49	46
28	34	30
44	25	16
9	47	20
48	22	44
16	39	31
22	28	38
37	9	7
47	44	44
8	48	31
48	34	3
27	12	7
17	48	18
16	46	9
14	10	26
4	4	4
6	27	28
38	33	8
27	40	6
41	29	37
3	32	49
12	15	24
18	16	32
40	32	35
12	49	29
24	21	36
16	33	46
47	49	49
34	31	17
42	34	9
36	21	46
25	12	34
35	42	23
32	44	9
27	25	13
28	23	44
30	11	45
19	45	16
26	20	9
48	5	42
24	25	48
23	47	40
15	34	17
9	27	3
23	41	24
10	19	29
32	25	13
7	24	37
34	16	28
14	28	28
36	44	34
25	4	31
5	18	17
49	32	48
15	44	27
5	31	36
20	19	42
32	27	35
46	16	41
41	41	12
12	35	13
47	35	24
8	15	11
28	31	46
10	41	5
5	39	27
45	45	18
26	34	16
32	13	34
20	40	28
21	37	38
33	6	21
15	18	10
26	16	17
7	5	42
12	37	32
25	9	29
25	19	45
13	10	49
48	34	32
13	10	30
37	35	6
11	13	36
28	43	48
37	29	43
27	26	30
18	36	27
4	47	31
23	22	20
16	13	26
19	45	40
23	11	3
48	11	50
34	11	29
36	25	48
28	47	46
23	40	20
27	8	18
5	4	6
21	27	21
20	45	31
20	32	14
15	5	13
14	22	42
14	47	39
46	16	12
3	15	48
34	8	50
42	41	32
10	6	21
14	24	33
50	47	15
20	48	16
23	5	44
41	4	11
36	19	40
6	21	32
21	29	4
27	12	38
18	10	45
47	5	30
31	35	22
23	16	33
50	9	45
23	4	19
19	13	39
37	22	6
13	45	32
42	35	34
39	15	20
23	10	42
33	19	47
43	44	46
12	46	29
7	47	27
18	24	29
42	41	21
29	45	35
6	11	22
33	36	36
39	27	9
32	13	7
9	21	42
28	32	30
12	20	11
45	50	43
49	13	3
22	12	20
19	23	30
26	11	15
28	7	41
47	49	46
9	45	27
17	41	40
32	41	15
14	37	30
18	50	42
15	36	47
49	39	27
36	50	41
14	38	9
30	36	5
16	40	37
48	35	25
20	4	40
39	38	16
47	38	21
3	29	14
41	32	35
17	29	14
5	46	34
32	48	14
44	49	17
44	24	48
35	16	12
31	19	23
27	25	23
24	34	43
29	48	9
13	47	5
16	32	21
41	24	48
35	29	22
10	40	15
4	25	13
44	46	34
16	6	14
35	41	9
37	36	48
19	30	28
49	3	26
7	35	49
20	6	46
49	13	16
45	7	15
20	32	3
11	39	36
43	42	44
16	19	46
10	50	14
26	38	45
6	17	36
17	35	48
46	3	6
35	48	38
43	49	41
47	9	33
26	6	34
18	30	8
30	32	18
8	30	4
28	50	50
19	18	8
48	28	45
36	47	26
5	34	27
30	11	25
6	31	31
24	37	14
24	8	37
22	27	36
19	23	24
37	50	20
11	4	5
26	25	44
14	6	26
5	45	30
43	3	20
36	41	28
23	38	37
34	40	27
15	33	26
36	17	5
43	50	4
18	27	8
48	38	32
18	41	39
10	19	21
37	7	23
6	42	41
30	6	25
5	44	33
32	46	32
5	27	35
12	28	33
32	43	4
36	50	17
41	37	11
15	37	28
43	14	22
27	15	10
38	10	43
27	23	26
19	3	24
19	24	17
25	35	32
45	16	34
47	37	19
34	46	27
12	24	35
39	6	26
18	29	36
8	7	29
17	24	45
11	25	23
14	23	22
42	20	31
29	41	41
3	48	36
7	35	47
31	36	32
12	35	39
7	35	37
5	42	46
47	15	34
42	28	17
31	12	14
16	41	21
12	18	44
39	34	49
34	41	33
32	18	17
24	13	31
15	14	32
3	22	30
6	21	11
40	46	29
29	35	35
8	40	27
14	30	3
46	9	30
23	22	30
41	9	28
26	24	17
39	11	16
48	49	16
25	14	9
46	29	12
35	27	31
14	16	27
12	29	46
30	33	44
3	39	38
17	35	50
30	45	31
42	19	25
31	10	15
23	21	32
18	50	33
36	31	43
28	29	8
42	50	15
3	9	47
40	49	49
49	23	5
22	15	29
38	37	4
22	39	44
24	34	28
28	29	45
14	10	27
11	33	32
45	12	18
20	37	15
15	37	33
30	18	32
19	33	45
9	34	35
33	5	45
50	24	50
37	27	27
18	13	50
11	12	13
48	3	44
16	41	42
20	49	41
50	47	25
25	48	8
37	29	18
33	42	34
33	28	15
31	9	13
20	24	3
30	40	24
45	25	13
28	5	22
7	22	3
24	22	41
37	42	50
22	24	50
22	40	26
9	5	14
30	28	46
39	12	7
10	8	29
27	24	49
36	49	17
23	45	39
29	50	9
29	4	45
18	50	34
38	37	3
13	26	17
41	24	6
14	19	8
33	30	41
48	7	46
7	19	9
37	19	30
4	29	19
22	7	33
17	46	40
18	31	35
37	17	21
4	36	14
32	44	5
23	12	50
24	32	3
35	48	12
33	14	49
7	30	46
24	3	25
23	7	47
37	25	6
12	7	45
9	41	41
12	26	21
25	23	37
41	9	22
33	43	22
3	16	3
25	5	5
40	49	23
24	28	33
31	30	13
16	11	12
26	30	8
40	49	41
48	29	45
27	48	9
36	14	37
46	25	3
37	19	31
33	6	20
14	15	47
49	40	23
48	16	37
39	12	15
11	15	35
6	14	9
32	46	36
45	8	32
32	5	22
38	17	30
42	13	29
40	38	22
34	49	17
49	50	49
44	17	41
25	39	25
27	40	40
8	12	19
39	6	29
45	36	49
50	7	7
40	28	48
8	31	14
5	18	17
33	36	11
13	18	26
43	31	32
9	26	38
28	26	31
39	19	37
50	5	16
9	22	45
9	18	10
20	29	19
46	29	22
22	6	7
23	15	42
12	49	27
3	16	11
4	40	47
44	11	50
17	4	29
16	46	12
12	40	28
37	12	49
29	33	42
50	38	22
7	5	12
28	43	41
47	3	25
24	7	21
17	43	5
5	11	13
48	7	19
19	4	40
30	9	11
25	9	37
50	32	47
41	31	5
9	3	24
5	6	11
3	27	34
34	18	8
6	50	34
39	14	11
3	28	31
26	17	40
24	9	34
14	18	31
40	44	12
7	19	50
16	19	5
4	45	44
9	15	10
21	48	11
25	19	46
17	39	10
6	8	45
19	24	50
35	24	10
38	45	22
44	7	16
7	41	29
44	4	49
30	41	36
50	43	45
6	13	43
41	45	27
11	32	39
14	31	21
20	13	31
17	42	34
46	15	5
9	45	39
38	27	30
3	16	13
4	7	43
24	38	15
46	35	25
49	39	43
22	9	47
35	8	9
8	17	24
27	49	45
36	39	15
26	50	14
40	14	36
29	21	30
48	12	29
41	17	46
34	15	15
3	32	14
32	18	5
48	3	24
25	15	40
15	19	15
30	19	15
7	35	23
44	44	40
31	26	30
29	39	43
28	12	44
45	19	28
14	39	26
43	35	4
46	21	40
19	15	24
35	18	24
41	24	41
19	45	17
19	37	4
19	18	37
15	40	6
10	16	3
20	13	11
20	19	34
25	24	24
31	48	27
31	39	27
44	49	8
48	22	48
49	12	31
8	18	13
46	35	10
8	13	45
33	42	16
25	20	17
40	3	36
34	18	38
22	42	11
40	27	9
3	30	6
5	31	3
18	8	41
19	29	29
35	28	45
8	11	32
24	6	3
21	17	35
7	48	29
23	7	28
44	41	45
17	7	32
49	30	37
8	50	22
43	36	35
20	37	39
18	37	39
23	18	5
11	8	15
32	49	24
44	13	26
31	34	44
22	6	22
23	37	32
46	39	35
40	32	11
9	17	13
29	35	36
31	32	26
44	4	10
20	41	18
8	9	45
6	6	9
6	44	9
21	47	32
10	25	28
47	50	45
35	34	17
6	10	49
7	7	47
32	43	21
26	30	47
28	13	4
34	39	4
25	16	8
35	20	31
19	41	43
12	14	41
13	33	29
16	35	24
48	6	36
14	46	5
22	5	26
36	41	4
11	29	9
27	11	24
20	16	29
31	18	48
48	34	38
10	4	38
36	36	44
17	23	35
35	41	48
32	40	24
47	7	30
10	12	32
45	19	41
21	44	23
44	37	46
44	28	12
29	46	26
31	37	32
16	36	21
12	18	18
42	17	8
25	30	5
47	3	42
8	15	40
45	12	16
8	35	42
18	21	25
39	17	48
39	13	22
23	47	40
47	27	4
15	21	20
42	34	7
42	3	18
41	36	33
19	18	32
43	11	26
47	18	7
49	29	32
30	17	20
17	30	32
28	33	28
13	31	37
28	13	13
46	44	15
18	22	19
12	49	25
41	32	43
8	31	28
33	34	12
39	34	39
13	11	16
26	23	16
14	39	23
43	30	22
47	3	5
11	10	10
18	25	43
4	5	23
29	46	31
38	41	49
15	9	12
11	24	31
16	17	36
24	20	48
7	10	32
19	30	14
50	3	16
27	5	27
41	39	22
40	44	47
10	44	15
34	37	49
31	37	9
7	27	5
23	50	28
4	26	23
34	49	38
15	31	33
12	33	28
8	26	18
30	40	41
7	34	6
20	42	24
20	31	10
28	10	18
41	16	49
6	22	16
15	48	23
36	27	22
30	28	30
6	10	25
10	32	9
8	18	49
25	48	21
8	37	45
9	46	27
50	16	50
49	38	17
24	44	4
9	23	7
43	29	45
35	19	9
13	5	3
20	18	41
4	12	24
6	11	37
44	45	38
3	42	24
16	30	31
26	50	3
49	39	31
18	6	18
40	36	22
46	11	3
22	40	17
34	41	9
42	22	28
16	44	22
34	45	50
41	44	30
32	38	33
17	24	4
50	4	36
7	35	3
31	36	15
18	29	41
50	33	50
28	31	30
19	32	4
49	30	36
50	29	3
39	50	5
33	8	16
31	29	39
13	24	20
41	42	40
10	13	28
18	37	48
35	20	9
35	3	9
39	40	43
23	9	43
9	9	30
32	39	16
15	19	49
20	39	40
22	14	44
28	20	16
36	16	31
8	38	25
32	28	20
8	15	44
28	45	45
3	31	14
21	33	14
14	23	50
4	19	18
3	40	12
15	5	45
28	46	3
24	10	31
49	21	32
32	34	43
15	44	8
29	46	36
27	23	17
4	22	27
3	23	24
4	37	17
3	19	9
32	13	40
47	17	50
47	41	34
17	7	4
24	47	35
7	46	11
8	33	9
38	13	40
5	13	25
49	18	31
5	45	46
27	20	4
8	25	19
32	22	18
28	4	47
43	30	20
41	39	27
21	37	4
10	28	47
29	33	36
19	45	31
48	37	36
35	30	41
4	12	13
50	38	26
30	18	23
23	23	44
3	18	37
9	46	25
33	50	24
38	37	17
3	38	9
9	23	33
43	46	24
49	38	27
37	13	28
31	19	13
7	26	29
33	41	20
33	10	24
3	11	30
29	19	25
39	15	32
9	37	18
19	34	27
38	36	24
35	26	17
15	41	17
48	4	8
43	43	24
34	5	30
37	44	8
7	20	7
28	39	21
31	8	5
42	18	36
18	18	16
20	48	35
10	26	43
36	49	16
31	45	13
32	7	7
42	49	36
36	37	50
42	14	46
46	16	9
44	9	26
21	41	18
13	49	40
8	39	44
26	21	12
19	49	35
22	5	16
27	42	29
48	11	49
35	27	26
20	43	34
29	31	47
19	28	11
22	26	26
9	48	20
48	31	21
46	22	39
28	21	9
27	35	34
10	24	23
42	23	33
15	42	14
26	41	34
41	5	50
34	31	28
18	28	39
41	18	6
25	5	26
32	26	43
38	39	39
10	17	29
47	17	27
17	24	37
30	40	41
12	47	17
45	7	33
50	45	35
23	13	24
9	26	12
12	8	12
17	14	29
43	23	5
24	6	45
18	50	35
14	11	45
50	9	15
27	41	29
22	47	44
26	12	48
38	4	4
39	49	47
13	22	46
34	27	45
33	16	25
9	17	49
47	4	31
8	45	6
38	39	27
11	8	46
26	37	33
22	26	47
19	25	13
13	48	5
20	23	13
23	21	8
12	44	7
40	48	37
28	50	42
8	11	39
37	44	17
31	34	10
28	32	44
30	28	26
35	45	33
29	44	20
11	33	38
46	6	16
20	9	6
19	46	18
50	20	41
18	49	8
6	48	45
11	45	50
44	4	41
18	20	14
23	7	7
26	17	11
25	14	44
14	39	31
38	12	46
30	44	4
43	24	5
35	41	48
44	14	48
15	24	28
6	4	21
12	48	30
21	42	50
8	42	28
13	18	39
18	15	8
19	28	36
28	14	25
10	35	29
38	23	6
22	3	41
22	26	40
25	36	31
11	41	5
10	42	19
27	40	31
27	10	18
24	22	27
24	8	27
20	11	42
7	5	12
4	22	29
18	29	48
18	26	5
47	50	50
48	22	24
24	33	14
41	8	3
45	5	20
19	23	37
50	38	38
40	45	43
25	38	7
28	41	12
6	16	25
14	39	49
50	13	5
45	37	15
6	41	26
25	37	5
45	8	47
11	22	36
45	48	38
35	31	28
43	19	28
15	17	17
24	38	18
25	22	13
39	40	30
37	43	21
24	32	41
50	35	39
5	11	5
26	40	10
37	12	25
44	39	30
25	48	22
23	11	4
29	11	4
31	8	5
37	41	41
17	18	3
5	22	45
12	8	31
46	43	38
43	48	32
4	6	9
30	31	24
28	4	43
49	33	39
31	4	48
50	19	41
13	42	18
40	42	27
12	30	42
16	41	26
7	22	20
21	5	3
44	40	16
11	6	49
42	8	31
18	31	46
7	33	14
44	27	4
26	41	43
28	25	27
14	34	23
14	40	23
24	33	49
20	50	21
42	13	28
12	33	18
32	26	7
45	27	20
15	35	12
32	24	27
22	45	12
30	11	10
28	33	8
41	45	24
41	26	25
33	9	17
32	36	9
39	38	28
23	5	24
48	37	50
9	36	14
8	47	44
32	40	36
28	24	9
8	27	41
21	25	6
43	18	29
33	31	25
50	20	16
23	6	6
20	26	15
30	8	8
45	15	45
41	5	3
44	50	16
10	36	37
20	21	27
32	46	3
35	21	33
15	12	13
24	3	13
50	36	4
18	42	34
14	17	3
44	49	13
33	28	11
17	3	22
30	29	34
29	14	34
21	32	10
20	24	34
31	42	11
22	14	35
3	19	4
29	26	35
20	28	41
49	37	44
27	5	18
35	31	27
19	16	43
32	47	26
40	41	41
44	39	23
26	42	31
29	29	25
33	18	15
18	31	40
4	34	9
29	10	6
22	38	16
5	18	27
7	49	11
43	44	39
49	35	8
44	4	29
15	20	18
47	15	50
44	35	17
31	34	11
10	34	39
15	29	14
27	22	50
38	8	46
28	5	28
7	31	30
37	25	10
23	15	8
13	15	9
10	32	31
11	45	28
3	41	13
6	26	44
9	38	10
24	9	35
25	38	20
6	49	50
29	27	30
12	47	22
25	37	33
25	44	29
23	38	11
39	13	46
46	10	25
16	35	26
18	18	6
16	39	31
23	22	18
13	34	25
31	48	12
18	17	27
20	30	31
37	40	49
44	15	16
14	18	11
50	39	50
49	39	3
35	14	35
23	15	20
36	7	31
3	25	11
4	32	41
46	19	50
19	22	48
30	7	16
27	36	12
23	49	37
12	11	16
16	28	32
26	44	44
50	20	9
20	32	19
35	11	37
28	21	4
37	13	27
28	18	29
28	29	30
17	16	20
19	49	27
7	23	44
6	9	22
13	14	18
35	10	26
6	42	14
4	43	8
24	27	35
19	38	17
3	19	26
49	28	39
16	14	44
47	5	26
50	11	43
19	30	19
16	30	23
9	39	49
15	36	31
29	7	29
49	31	17
26	39	22
41	20	15
7	21	49
10	16	39
21	11	37
27	45	49
47	10	18
26	43	26
16	15	22
20	20	9
39	46	24
49	27	17
46	33	39
13	28	5
3	38	20
8	31	3
13	3	9
37	44	28
33	32	28
23	3	8
49	17	8
44	37	31
17	38	25
7	11	39
20	27	41
40	33	7
37	37	16
23	29	8
7	30	49
16	34	3
16	27	7
23	18	4
45	26	50
4	24	19
6	24	28
50	11	34
5	26	25
33	45	6
28	36	32
32	34	7
15	32	23
47	6	14
19	19	38
26	45	31
16	32	3
9	18	7
4	22	43
16	32	47
16	32	47
28	16	32
19	47	37
45	45	49
47	18	12
39	11	3
7	45	20
25	34	13
16	24	15
19	30	37
35	34	5
40	27	30
36	18	40
44	27	5
15	27	24
26	29	26
16	35	15
6	37	15
47	40	30
12	18	25
5	4	4
9	24	3
42	25	12
42	49	22
33	30	39
19	19	38
34	13	30
18	30	18
16	14	15
26	10	38
24	3	24
50	11	45
21	32	11
6	9	35
42	22	50
4	25	25
45	47	10
17	49	27
16	7	21
24	24	18
41	33	31
4	19	50
18	29	16
22	49	4
21	17	12
9	36	21
20	14	22
27	38	7
15	24	6
16	48	22
26	31	25
44	25	4
28	4	28
17	48	48
50	43	46
21	41	35
46	4	50
7	19	30
37	22	45
20	50	50
19	28	9
17	47	17
10	49	43
36	36	41
42	32	49
3	24	41
13	49	3
48	3	22
26	43	35
31	45	43
12	5	23
40	19	20
17	7	21
31	29	48
17	25	10
47	12	5
21	23	42
6	42	7
48	44	12
50	31	27
9	10	12
28	40	48
13	31	27
42	42	30
21	7	33
34	30	48
25	21	35
7	12	43
7	33	34
48	36	40
28	50	31
14	49	15
30	37	13
50	43	11
5	41	46
34	19	36
4	12	45
4	14	34
3	6	44
13	26	6
28	24	12
16	35	43
5	4	9
26	42	32
18	26	6
37	14	40
4	44	47
34	8	4
27	26	10
14	44	37
11	50	33
46	29	32
16	46	48
24	48	10
35	16	32
39	14	32
28	34	30
40	30	40
50	44	49
31	3	24
49	30	34
29	7	10
11	46	29
17	11	20
9	22	30
45	45	20
21	45	3
19	22	49
29	26	38
14	22	35
42	20	33
49	10	25
26	18	8
25	38	9
24	48	40
4	7	8
12	47	11
16	8	39
25	19	16
28	21	29
28	31	37
10	14	35
17	25	20
26	8	9
47	19	17
20	43	19
17	37	39
12	10	43
15	33	14
44	22	9
20	42	19
25	14	25
3	28	40
22	15	37
43	47	31
31	45	14
10	7	25
3	45	21
43	14	29
6	11	28
13	25	10
24	11	44
48	39	34
4	4	22
38	39	35
35	28	23
11	20	37
8	9	37
39	48	39
44	45	10
21	49	34
40	24	33
17	13	39
25	35	42
19	27	44
11	23	44
37	9	18
8	29	14
26	9	21
32	26	35
45	37	47
39	45	16
26	5	45
29	27	36
48	4	23
27	33	9
41	39	10
6	18	18
39	18	24
30	38	49
25	38	30
48	14	48
42	47	45
39	27	32
5	43	9
26	36	16
5	6	41
30	39	35
45	11	37
46	18	17
14	33	40
13	16	42
32	30	10
39	21	50
6	47	25
28	48	10
39	37	23
27	28	34
31	10	17
50	41	27
28	34	43
45	15	20
20	5	16
15	12	31
43	26	30
22	26	25
48	19	6
12	36	4
9	46	8
38	4	37
25	19	14
23	27	12
4	29	37
13	27	40
25	46	29
50	50	13
20	21	17
48	4	27
17	16	38
50	17	25
5	36	7
23	44	12
31	3	43
22	25	50
49	32	28
26	7	3
15	25	8
41	18	10
40	43	38
17	37	17
43	6	28
50	8	21
35	40	26
44	37	4
39	41	16
26	30	24
15	34	31
3	13	7
11	30	33
34	32	35
3	32	50
19	30	46
48	8	20
31	42	50
42	27	50
5	5	12
15	41	45
45	33	46
23	31	44
43	8	46
6	31	25
43	3	4
20	4	17
42	48	10
16	7	16
32	28	39
9	23	27
29	39	43
30	22	35
36	50	50
28	33	25
9	32	5
40	40	40
21	33	46
8	12	49
31	36	29
11	39	8
31	21	27
4	20	49
39	14	14
31	47	29
18	18	33
28	16	28
30	44	7
29	23	30
7	13	32
38	43	39
20	5	30
36	9	50
40	6	23
32	8	47
32	30	15
9	43	16
14	37	38
28	10	29
47	19	30
8	24	7
5	30	38
4	35	23
25	33	50
16	6	13
15	33	19
30	40	17
25	41	43
11	10	9
45	30	15
34	14	13
14	22	4
44	39	22
42	48	4
50	19	35
48	21	20
7	9	11
35	3	49
24	4	14
28	30	44
47	19	16
37	8	28
20	28	40
39	13	31
11	39	29
50	27	49
28	35	49
41	49	19
33	5	29
25	5	46
33	47	29
3	32	28
41	21	16
48	18	39
40	24	50
44	26	29
13	50	36
15	12	45
7	26	36
23	37	29
41	20	28
16	43	31
39	46	7
22	43	22
5	30	20
9	40	21
21	40	28
13	39	38
15	40	15
5	36	8
18	30	33
15	41	27
5	29	44
50	6	38
4	7	12
17	5	27
16	3	4
16	7	47
14	40	14
15	27	37
19	29	32
48	20	12
46	45	8
41	16	36
28	9	22
9	19	24
9	15	19
43	4	10
38	12	29
33	18	16
33	19	44
3	34	47
14	4	10
19	39	28
45	4	40
25	19	34
38	48	49
13	14	33
18	45	4
3	50	27
41	21	7
30	50	22
28	42	28
10	41	44
3	39	38
9	9	4
26	4	17
4	25	16
47	17	40
42	49	43
3	12	7
12	27	22
4	38	5
17	21	16
45	16	12
37	30	48
25	30	33
28	38	32
4	37	47
34	43	8
15	33	10
26	14	14
27	22	14
8	35	46
42	5	6
29	19	36
14	6	3
18	19	15
30	28	50
5	38	44
33	49	19
3	15	15
31	41	24
26	10	20
37	35	20
30	18	34
26	23	8
43	43	17
47	44	5
17	17	25
21	24	36
45	10	20
17	41	48
45	12	37
22	13	38
21	13	11
7	23	34
34	19	48
4	47	40
21	25	3
23	10	47
9	26	50
49	13	13
47	44	49
38	40	33
31	31	36
5	17	30
38	32	41
27	11	50
42	32	14
7	23	6
43	28	28
40	6	26
46	9	34
8	12	33
8	25	23
37	14	10
26	7	9
42	11	43
22	47	10
25	47	47
31	15	3
33	35	49
24	21	17
43	34	24
37	23	10
21	20	30
8	21	33
27	25	24
33	32	29
30	32	41
24	3	38
13	42	31
22	21	30
11	39	17
28	35	6
47	30	26
32	43	31
34	48	30
39	21	37
14	22	32
32	10	11
10	27	6
9	22	30
30	10	14
39	19	30
7	25	31
25	40	16
14	22	27
7	9	50
3	39	11
10	39	13
33	24	16
41	10	4
21	40	28
19	37	45
34	26	32
24	42	31
50	30	43
36	31	37
41	21	26
18	28	19
24	34	18
42	4	17
18	28	49
24	39	23
4	11	27
34	22	50
41	29	37
46	38	11
36	50	13
4	39	32
31	4	4
23	18	38
41	49	35
15	45	3
39	17	30
30	16	13
15	10	9
44	24	14
23	27	15
10	27	22
40	21	15
15	11	46
47	31	22
5	13	35
17	13	41
36	5	27
8	40	19
31	40	48
48	15	47
9	41	23
31	22	12
13	36	3
46	50	22
30	43	30
48	41	20
46	17	44
39	19	42
5	22	35
44	45	24
11	3	21
7	31	12
40	4	30
29	35	8
26	49	19
25	20	12
43	36	38
44	22	13
45	11	10
41	16	16
41	35	22
41	48	30
22	12	32
37	40	36
15	47	8
41	50	7
45	3	33
3	26	6
39	21	8
20	29	45
14	17	17
11	44	19
31	41	40
5	5	19
29	13	43
28	30	17
6	50	44
4	12	33
36	31	35
36	27	5
20	7	21
6	36	26
6	7	7
15	48	44
36	35	32
39	15	25
41	5	27
5	12	40
48	21	32
16	49	32
6	21	16
48	47	3
48	13	27
39	15	12
31	26	15
36	27	36
45	49	21
46	43	20
47	49	20
4	43	50
37	46	19
21	49	45
3	23	37
31	35	5
29	36	4
21	50	13
49	47	31
7	11	6
44	17	10
47	23	15
33	22	3
44	36	48
31	48	37
31	20	13
18	42	14
49	6	33
20	10	46
27	12	47
35	20	8
26	17	35
17	15	26
39	30	37
45	13	19
40	19	15
19	32	8
15	28	49
38	19	42
30	22	22
25	4	45
7	48	6
28	8	43
8	40	44
20	32	37
42	45	16
30	15	44
17	27	35
47	6	46
40	22	49
17	19	5
35	16	48
24	18	37
29	48	10
19	13	50
19	8	48
3	12	22
30	16	49
44	49	20
4	6	26
17	16	45
46	14	7
38	35	45
9	24	7
15	43	11
47	8	39
20	25	37
37	40	44
24	18	37
35	46	19
44	13	37
39	3	32
21	4	7
43	46	29
23	22	46
9	44	6
38	47	3
41	28	32
47	33	14
13	20	13
5	8	20
10	46	15
9	41	26
15	34	9
23	38	39
5	15	30
8	50	19
8	22	33
17	20	9
38	11	39
26	18	36
21	23	31
8	49	36
15	34	33
7	11	15
39	50	43
10	26	22
3	16	15
26	38	24
42	47	11
6	33	7
43	41	11
9	40	50
16	12	11
30	12	38
17	16	17
17	32	48
37	39	45
22	3	35
13	36	7
7	19	9
12	25	30
32	18	34
11	25	7
25	28	45
3	46	49
39	30	32
10	40	47
39	10	6
11	20	13
25	46	35
37	41	47
3	38	28
26	23	31
26	16	27
32	45	15
25	4	27
46	37	50
16	6	7
17	41	45
37	12	45
37	21	15
21	13	16
29	35	36
44	26	47
48	22	22
35	16	40
48	8	19
32	39	27
37	44	30
40	9	49
46	9	26
3	34	40
42	11	30
25	17	3
24	16	15
14	10	25
12	49	40
35	5	29
39	4	19
31	10	35
44	17	23
13	49	4
28	10	18
24	41	19
40	42	8
37	3	6
16	30	35
36	45	24
31	3	20
3	13	18
42	6	36
13	37	33
18	35	15
45	27	27
19	45	25
42	43	30
50	9	41
16	7	20
49	35	16
35	42	32
46	34	26
36	21	8
18	36	33
9	28	27
3	14	15
37	21	29
12	13	13
39	32	46
24	6	9
35	41	12
27	17	8
50	26	49
22	23	34
31	21	27
14	16	11
24	15	32
25	14	8
8	44	6
19	40	28
33	18	10
3	50	37
3	49	38
33	17	12
45	11	41
38	15	6
19	13	10
25	36	18
28	17	49
13	12	34
17	39	28
4	13	8
22	30	37
49	3	4
34	39	28
38	30	44
38	32	16
19	25	35
26	15	28
13	8	50
48	10	12
17	36	36
30	11	19
23	43	37
41	27	39
26	31	6
43	24	9
17	33	16
35	3	28
10	46	44
24	50	46
26	15	48
9	44	3
11	15	34
37	45	32
42	46	44
18	12	35
45	7	14
6	32	35
25	47	47
5	41	12
33	26	12
26	50	22
10	37	9
35	16	11
35	31	28
14	17	32
40	34	38
5	40	5
16	39	18
37	23	4
49	36	48
45	14	49
16	22	28
21	30	14
21	25	45
27	12	23
46	42	33
7	8	29
13	37	38
5	30	10
11	34	39
31	5	28
46	27	20
6	21	29
38	43	30
23	3	40
21	29	36
7	23	28
13	20	21
45	42	10
23	8	13
11	41	21
42	21	21
23	14	35
8	25	36
40	17	24
40	21	23
49	23	44
48	15	5
38	50	23
42	25	21
30	25	6
19	25	32
20	43	25
13	11	39
17	5	18
46	50	6
5	29	19
30	6	22
18	33	46
30	25	6
15	14	34
37	48	21
9	7	19
39	6	7
22	19	40
42	13	50
5	40	18
33	43	42
43	12	27
42	8	33
14	4	30
14	31	15
34	43	43
24	16	45
40	22	8
38	38	7
23	27	23
47	50	47
36	45	22
30	31	36
3	30	39
38	6	10
15	13	6
41	38	33
5	36	19
25	7	20
26	29	7
36	6	33
46	21	22
25	34	49
37	27	22
11	8	28
7	5	47
27	49	50
41	45	47
48	42	34
16	12	17
34	49	36
41	30	12
31	17	16
19	28	12
50	13	47
34	31	23
40	28	12
29	33	39
49	36	24
8	5	36
3	44	28
13	41	33
3	39	26
50	34	32
18	35	21
21	37	48
43	3	49
4	46	17
27	20	4
19	26	23
32	19	11
20	8	33
7	4	38
10	30	44
47	21	30
11	40	15
10	7	3
9	15	48
50	23	37
18	32	50
4	44	12
18	20	10
24	24	49
3	8	7
47	4	28
8	25	39
10	43	42
29	20	18
12	19	30
38	42	21
47	17	45
16	4	41
10	24	38
45	3	12
31	12	10
8	13	39
23	4	11
13	24	45
12	45	27
40	4	28
25	26	44
46	21	33
42	18	49
6	20	5
34	48	40
39	22	41
11	47	14
7	39	39
39	21	28
49	3	28
33	11	43
33	49	30
31	19	26
7	4	48
34	14	25
24	24	11
42	41	9
24	31	19
19	48	36
34	49	27
15	45	49
47	48	44
41	26	20
36	25	10
6	48	10
46	19	26
46	34	36
5	41	38
22	6	20
22	20	6
34	8	22
24	7	35
40	13	43
6	23	42
43	43	3
23	23	12
33	45	6
44	18	12
3	14	31
34	48	36
49	41	19
6	33	23
16	3	20
25	7	44
49	13	5
17	28	40
40	17	19
13	7	42
26	32	30
24	15	19
29	20	32
30	9	14
45	29	35
34	22	6
49	23	41
7	22	8
49	13	13
16	31	10
34	40	8
7	17	33
17	14	4
24	49	14
23	6	41
42	32	18
23	9	49
16	13	9
9	5	11
5	24	41
9	14	25
28	49	26
36	27	14
14	11	8
27	19	29
12	10	3
40	50	48
29	32	27
41	46	49
6	23	47
10	3	22
22	47	45
37	50	8
25	50	45
50	11	5
6	25	28
7	9	46
33	10	9
24	30	28
32	46	48
31	34	46
41	40	12
9	25	13
7	47	14
49	10	45
46	14	45
45	17	9
50	48	38
36	34	19
19	50	40
23	4	14
14	13	15
47	39	21
26	33	9
22	47	20
12	32	30
3	50	17
15	42	22
30	12	12
48	16	6
10	19	23
50	7	40
24	14	27
48	17	7
3	11	19
32	29	6
26	48	43
43	16	11
41	44	4
21	10	10
22	46	20
36	39	42
14	43	49
4	45	43
40	18	38
31	41	41
29	4	19
4	10	32
30	6	32
37	43	24
14	6	21
13	5	48
34	34	30
34	46	28
21	20	22
31	20	41
37	6	34
9	3	10
39	5	41
48	12	49
32	6	15
27	20	13
34	6	36
28	39	48
30	35	45
12	18	49
18	48	14
48	37	33
35	25	35
19	26	24
48	34	25
44	26	6
47	32	11
48	20	39
5	44	16
28	27	11
50	6	18
4	24	37
37	22	27
15	50	11
10	24	15
42	13	38
18	3	23
19	49	5
50	21	25
12	14	36
10	45	9
41	24	43
3	33	14
20	37	21
25	10	50
14	3	23
5	34	18
38	40	7
40	21	50
6	15	17
6	34	29
12	45	28
41	40	3
50	16	12
19	43	32
46	36	28
19	32	37
43	35	13
10	32	47
44	32	45
13	6	36
21	40	32
11	43	16
47	22	43
42	29	9
42	32	34
31	42	23
48	12	35
35	24	24
42	24	46
18	32	47
47	23	31
13	34	22
18	11	11
20	42	22
25	18	44
20	50	6
18	45	42
37	28	25
41	34	37
48	28	37
30	22	5
50	6	21
44	22	17
6	35	5
37	40	23
7	31	37
4	30	11
13	36	11
46	19	18
9	11	37
19	31	46
25	18	21
4	24	35
41	45	17
39	15	50
27	32	50
25	32	35
27	27	9
44	35	49
5	20	9
18	43	29
32	28	23
5	36	43
5	48	11
42	16	42
3	28	4
23	7	47
18	5	28
15	28	28
19	15	44
42	9	46
24	19	10
5	9	35
23	22	5
41	41	40
11	12	22
17	37	5
14	18	28
9	9	20
39	10	44
26	34	32
37	14	50
25	9	16
31	6	13
23	45	45
15	19	20
7	21	29
47	19	15
29	28	45
37	33	21
37	27	45
35	27	24
9	10	29
12	39	29
40	7	6
39	25	36
40	41	30
42	4	7
12	42	21
50	43	27
17	36	13
14	40	10
25	9	5
11	12	15
44	32	10
12	6	37
8	38	24
10	5	4
9	34	32
38	16	48
38	7	42
16	29	48
48	11	18
37	42	47
7	5	47
38	38	11
30	10	31
12	45	45
41	14	34
28	49	10
22	4	26
20	34	31
40	18	40
21	47	17
30	20	11
46	47	9
50	27	7
35	47	28
37	13	13
46	19	9
18	44	43
26	24	10
50	42	13
29	12	3
13	42	30
39	10	24
19	6	15
18	40	14
32	3	34
6	12	47
19	20	18
12	15	26
26	17	44
25	32	24
45	48	3
44	32	29
7	27	9
6	23	43
45	41	33
22	49	29
18	39	34
4	9	32
25	37	47
6	35	23
15	49	28
14	21	4
15	26	27
31	7	39
50	19	22
42	28	19
34	29	16
8	18	34
9	28	42
29	46	9
18	30	40
28	29	37
20	46	39
4	36	49
32	29	11
14	25	13
40	36	47
48	22	33
46	27	11
49	47	28
20	43	15
49	45	44
5	39	9
47	40	29
22	13	21
14	24	34
18	19	34
18	11	4
33	42	38
37	41	6
25	45	20
32	22	36
6	32	11
47	18	41
27	3	41
30	37	3
35	28	33
33	36	27
14	41	41
44	29	24
36	31	20
13	16	15
49	29	15
49	36	25
13	28	37
35	39	50
44	42	42
32	10	50
3	36	15
35	29	39
31	40	46
42	35	9
50	4	8
43	15	32
36	6	19
29	33	8
43	28	50
19	8	5
31	13	31
10	44	35
33	19	44
4	15	33
19	49	6
38	19	50
9	42	21
22	24	7
45	20	31
46	39	42
27	45	40
29	22	45
44	38	16
48	11	14
34	10	49
17	23	15
44	12	19
37	5	14
16	8	13
33	37	14
35	29	8
31	49	43
31	22	12
10	32	9
29	33	35
49	9	29
40	27	38
41	34	34
17	25	47
26	13	38
6	42	45
7	34	32
25	16	30
18	26	39
16	28	28
17	50	47
16	43	3
38	24	35
50	30	27
35	37	33
32	13	34
22	25	3
28	24	49
10	18	15
39	12	49
24	40	14
17	29	15
46	18	37
42	20	8
28	28	23
18	32	23
31	29	45
38	38	42
5	35	42
25	36	33
24	6	36
41	26	42
10	13	32
21	48	19
19	29	36
11	19	40
47	20	15
49	23	45
31	49	25
17	26	18
49	31	17
30	4	10
13	30	42
35	45	12
28	25	26
20	41	32
7	8	4
48	21	10
28	41	31
32	24	50
47	19	26
10	20	4
31	18	26
35	28	19
6	17	33
47	23	44
34	49	22
13	3	11
41	49	47
45	46	7
21	32	3
8	18	16
42	44	20
46	10	17
35	26	19
29	11	6
21	13	28
31	26	43
34	49	14
41	19	48
42	31	14
23	19	48
13	19	41
27	23	16
15	36	24
48	13	28
7	36	20
24	8	8
5	30	42
41	35	19
3	23	14
35	47	31
10	45	45
35	6	45
12	4	17
9	10	11
24	8	45
30	43	25
30	32	12
25	49	18
6	7	24
34	23	50
47	24	9
32	22	20
49	16	9
13	30	3
4	6	43
42	47	7
13	48	38
46	49	31
13	16	21
43	38	8
33	37	14
36	33	7
10	13	10
29	3	40
12	24	25
22	25	42
40	9	12
38	37	41
44	20	35
9	22	38
20	18	9
21	42	28
45	28	45
28	29	37
5	21	47
35	5	9
28	12	44
11	46	19
36	35	33
20	31	3
30	20	9
9	19	9
46	32	40
46	46	30
29	24	22
20	33	21
5	24	21
21	24	10
33	34	21
9	26	30
9	34	36
21	22	35
29	23	40
8	5	44
3	17	22
8	34	39
4	40	40
24	5	9
15	41	38
22	49	27
42	45	37
7	10	44
46	50	3
22	38	47
45	13	18
8	3	23
21	8	17
48	29	19
49	7	21
4	34	12
24	34	48
15	27	26
20	30	31
5	46	35
50	32	42
8	17	25
17	40	3
3	14	38
12	18	10
38	30	12
11	31	38
36	13	42
44	4	45
11	9	41
20	11	7
4	43	33
14	28	50
8	3	47
6	46	24
24	15	21
49	49	10
46	22	34
34	8	4
26	3	47
12	40	24
19	49	4
12	49	10
3	48	26
48	32	35
11	48	48
32	5	28
38	34	36
21	16	38
46	29	31
25	15	32
21	38	30
41	14	20
21	29	3
17	45	40
19	41	43
40	8	32
36	46	11
25	3	45
48	36	50
7	6	19
21	5	21
8	30	50
3	19	17
42	48	25
24	4	4
4	34	26
4	19	11
49	26	39
24	44	9
41	25	17
19	41	20
31	3	13
37	30	49
41	20	30
33	38	5
28	17	25
37	43	3
42	26	4
43	7	3
48	44	20
15	44	20
49	34	28
38	12	49
39	32	14
44	14	29
23	11	14
8	33	29
28	32	40
19	35	37
19	36	4
29	4	30
41	9	8
18	42	50
42	25	22
10	15	42
16	30	8
15	5	20
44	9	14
32	11	7
11	14	30
17	14	4
37	33	10
6	36	26
16	23	41
44	9	34
13	17	22
5	36	18
28	15	45
25	33	10
33	41	23
31	35	15
21	23	28
49	17	13
18	20	25
37	29	44
28	24	18
39	37	31
17	20	29
50	23	45
14	39	9
48	15	8
10	39	18
34	8	41
39	27	41
18	29	5
50	33	13
11	47	18
45	41	42
20	9	48
48	8	14
47	39	49
27	23	50
19	25	11
35	30	15
33	20	18
18	39	21
40	9	48
3	27	43
29	18	9
37	29	15
32	46	32
28	46	9
40	20	23
28	30	12
23	6	50
48	5	8
41	16	43
47	3	23
32	32	36
4	38	48
13	15	22
36	37	21
14	40	6
10	35	43
16	18	11
29	28	40
19	14	41
5	29	30
40	33	18
31	24	5
20	25	34
4	50	39
21	6	6
34	38	21
19	14	4
22	20	8
16	24	28
16	4	44
36	44	31
25	46	15
50	22	49
9	35	22
43	14	34
28	38	35
35	36	22
14	47	46
45	15	4
40	23	22
6	48	38
41	16	23
41	33	41
25	38	33
13	25	49
13	47	11
39	26	32
38	14	39
30	27	27
27	5	10
22	18	5
19	48	38
34	29	33
27	7	48
26	27	50
3	50	22
41	48	25
28	4	39
39	3	20
24	49	14
47	9	45
33	23	20
14	36	35
9	26	34
3	12	41
32	3	38
41	31	11
10	23	22
14	22	27
27	27	32
23	46	40
35	32	26
13	4	6
10	37	32
8	13	21
32	49	25
8	37	14
48	29	42
22	12	42
38	28	13
15	42	12
17	47	46
14	49	47
43	32	17
35	17	7
27	3	32
15	16	26
47	24	44
46	37	47
12	42	31
15	10	10
14	10	38
15	12	18
10	7	6
46	47	45
46	11	29
15	14	33
31	23	4
28	43	41
42	24	43
36	48	7
22	7	10
23	38	26
46	19	24
50	32	23
21	34	40
28	37	20
9	7	18
7	3	41
10	4	5
37	34	28
13	38	20
31	28	19
10	25	5
39	47	40
24	14	10
49	10	10
37	30	30
17	18	33
17	21	47
4	11	50
11	38	40
48	44	18
7	40	43
15	33	8
38	24	40
27	44	34
12	13	15
8	49	11
47	24	46
13	38	22
21	18	41
37	50	32
44	35	25
9	31	32
47	8	25
32	28	27
11	8	38
37	3	12
3	37	5
7	13	33
33	7	35
43	31	31
50	50	46
30	28	10
30	25	19
5	11	17
32	49	13
49	29	47
46	14	5
46	30	13
45	40	19
26	44	19
30	21	18
29	25	42
16	38	41
23	19	30
5	40	20
45	19	38
36	4	5
46	11	13
12	5	22
16	6	25
19	42	44
7	34	38
50	15	26
3	36	26
19	40	24
22	48	43
12	49	15
26	9	33
11	17	50
20	31	49
20	50	29
30	14	15
23	36	46
31	23	6
48	13	31
25	40	19
29	37	39
7	38	5
30	9	8
19	37	35
50	19	39
27	16	7
39	21	45
35	47	45
6	22	15
16	38	22
5	45	17
18	17	23
14	33	4
15	37	40
16	50	8
19	42	39
48	45	11
46	11	13
20	3	15
18	41	18
16	10	9
14	42	46
26	37	27
4	36	10
10	17	24
45	18	8
17	25	39
7	38	31
42	12	50
43	18	50
45	13	44
47	9	29
39	31	26
33	22	15
5	6	47
20	6	31
16	23	14
37	37	24
12	30	4
22	28	41
12	14	18
6	6	45
8	38	37
24	11	29
9	33	13
12	50	12
17	49	13
44	40	42
47	20	14
34	7	45
26	45	24
36	34	41
4	43	18
4	6	14
24	14	10
8	33	42
30	37	41
10	4	27
41	12	14
36	6	6
27	7	42
21	40	15
15	29	41
11	7	41
27	21	13
45	4	36
8	17	21
35	34	41
15	23	12
6	3	37
4	5	20
36	37	16
48	25	48
35	5	43
27	5	26
46	39	22
40	22	42
47	40	18
10	28	36
30	49	20
35	26	10
3	27	48
48	3	49
27	40	18
48	36	45
20	37	4
5	45	31
8	7	44
44	10	36
27	42	7
47	12	42
7	38	38
35	12	47
12	5	30
35	48	32
15	9	30
41	6	4
45	6	11
17	48	39
13	3	14
16	19	45
10	36	37
35	18	21
17	34	48
3	17	43
13	33	11
42	23	37
19	30	15
13	28	9
21	9	6
3	28	39
49	4	22
38	3	17
36	34	4
40	17	42
12	3	7
21	41	40
16	35	25
44	11	13
22	17	49
38	12	37
7	15	19
5	10	3
47	5	15
30	22	28
4	20	16
4	19	49
27	28	48
6	27	4
25	24	24
22	16	5
8	27	23
12	16	50
6	36	36
42	19	3
33	3	5
41	42	8
28	25	38
28	18	39
9	32	34
45	6	36
45	16	37
22	43	11
49	24	21
38	35	19
3	5	35
16	32	11
31	33	14
13	31	10
37	32	49
12	3	3
42	24	24
49	16	22
37	12	16
7	24	35
32	16	4
39	35	9
38	32	29
41	26	44
22	13	14
13	29	49
21	26	12
43	47	49
36	22	50
6	8	12
46	43	50
45	16	4
24	24	6
5	11	41
35	36	16
4	38	7
10	28	49
16	20	16
42	43	26
27	26	33
26	42	23
41	36	29
50	24	4
47	5	13
47	13	31
40	14	47
6	23	43
18	17	44
9	26	27
9	14	4
40	10	28
3	36	25
41	16	29
4	34	25
13	26	20
30	21	5
46	35	27
5	22	21
3	7	3
43	13	50
6	38	30
18	31	17
12	17	50
34	45	15
46	24	43
8	18	33
45	30	8
28	42	8
32	15	42
15	20	6
28	13	38
7	3	29
43	14	20
42	39	44
20	14	30
13	45	11
3	48	39
7	15	17
10	40	21
25	46	48
48	36	21
30	35	18
37	20	23
14	36	46
33	44	25
30	10	12
44	24	10
10	46	50
5	20	48
35	10	20
3	22	50
47	29	14
38	32	16
22	37	25
28	17	45
26	29	30
9	44	23
40	21	48
33	44	4
10	38	50
14	49	25
10	28	3
5	38	29
38	19	31
29	50	26
22	30	15
28	9	38
34	23	14
32	6	15
10	30	24
37	26	45
42	47	35
10	41	7
22	15	40
50	8	13
11	49	40
41	27	44
14	7	10
4	20	22
11	11	29
28	8	22
48	27	19
34	28	7
17	39	36
33	36	43
41	22	37
10	10	19
49	49	13
16	31	23
44	31	29
8	5	11
26	40	12
12	11	21
35	39	11
48	38	39
41	47	3
14	17	25
20	18	40
49	28	5
48	18	38
30	24	43
7	42	34
42	36	19
17	23	19
11	41	10
46	13	18
4	35	39
41	8	41
25	24	33
39	32	30
26	44	11
36	27	10
19	17	26
19	49	4
13	44	41
45	50	20
25	21	35
12	27	7
21	28	48
22	30	5
35	44	9
22	43	19
44	13	40
43	30	17
13	19	36
36	46	46
37	23	36
44	41	9
13	11	13
27	24	27
22	33	26
13	40	32
31	16	40
19	44	13
7	37	37
32	14	21
50	23	45
36	32	8
46	10	48
43	29	47
28	29	16
36	32	11
47	32	34
34	49	24
32	24	16
50	18	29
30	36	19
50	11	29
12	50	41
40	15	45
9	33	21
31	6	32
50	19	43
16	29	42
4	42	43
14	48	11
17	15	48
30	28	29
29	40	50
13	44	20
7	21	31
15	46	25
4	41	34
24	49	27
16	44	30
22	48	21
43	8	6
17	39	4
48	39	32
14	47	39
30	30	3
39	7	12
32	10	23
43	45	35
40	40	5
34	22	46
32	50	9
42	42	19
45	31	8
10	50	12
12	16	20
33	28	48
30	22	13
47	14	39
29	16	32
43	18	22
40	7	34
3	20	28
17	24	36
14	48	19
20	25	22
24	46	15
8	22	40
20	32	40
37	7	31
41	44	34
10	32	20
45	49	47
45	43	3
21	49	43
26	13	12
38	34	20
41	23	47
8	49	23
4	18	37
50	35	15
45	26	27
48	8	16
20	24	41
38	32	9
50	8	39
32	38	13
35	28	3
32	13	50
27	13	27
44	5	38
11	24	33
35	49	20
14	47	13
41	38	40
24	10	10
32	13	16
43	14	46
34	18	13
41	15	40
36	41	10
27	47	32
41	16	6
32	42	35
38	22	35
44	22	34
34	21	39
16	24	42
9	6	31
46	10	33
44	49	41
19	19	48
41	4	11
17	40	6
45	5	49
42	12	41
45	29	48
31	6	44
10	23	8
27	30	48
36	3	35
50	13	17
43	13	17
42	9	16
37	20	14
27	35	20
28	18	44
39	16	25
47	16	47
44	41	19
13	48	7
37	24	7
4	10	25
49	17	40
50	16	21
41	47	14
12	46	38
17	37	8
22	11	49
15	50	10
32	27	42
46	36	29
38	12	35
35	30	20
19	22	19
9	46	29
9	41	24
37	50	19
20	40	34
20	43	35
22	23	25
19	40	28
36	18	16
49	34	34
50	13	46
48	16	37
25	37	42
42	27	34
48	28	40
13	19	35
48	7	28
46	13	27
33	18	13
21	20	19
37	47	22
16	38	17
35	13	5
49	4	5
31	7	31
23	7	41
31	11	30
31	9	10
9	43	9
39	49	4
12	20	33
21	50	16
29	42	21
6	15	15
16	27	48
3	30	26
26	42	34
3	29	32
38	15	20
10	42	26
21	9	23
30	17	29
19	34	28
40	39	4
8	17	10
9	5	41
49	35	5
27	27	50
21	49	22
19	19	19
16	28	34
34	46	6
13	5	3
26	3	13
39	14	17
36	37	40
45	16	23
35	50	15
13	8	36
27	3	45
37	46	37
29	36	39
8	37	48
37	6	18
43	37	18
15	20	23
34	19	11
14	30	50
49	46	38
48	14	43
35	15	28
40	39	42
6	50	33
13	22	21
11	9	29
15	29	14
29	6	20
23	4	17
25	5	45
43	26	48
36	46	44
19	20	22
6	34	46
40	37	45
30	9	32
44	9	47
22	39	47
44	6	18
40	10	34
23	26	33
15	46	10
14	37	35
36	8	24
30	48	39
28	14	14
20	46	13
34	42	46
15	49	14
20	43	15
12	16	9
16	18	23
14	41	38
28	14	10
8	47	42
38	11	43
40	35	40
39	10	16
5	40	16
37	23	13
10	7	43
35	10	28
6	46	45
16	45	5
17	23	27
34	9	32
11	29	28
35	27	41
39	41	46
36	32	41
12	32	44
39	18	22
5	39	37
4	14	9
21	49	5
5	40	9
35	32	45
41	42	42
25	34	40
25	28	38
46	27	21
6	42	37
30	39	18
25	3	48
49	42	7
9	22	16
49	46	14
34	34	43
3	26	7
7	14	25
5	13	45
36	20	33
47	7	10
33	32	45
32	5	21
14	16	11
47	43	12
19	39	13
13	20	5
18	11	3
10	46	40
30	47	25
46	45	27
22	23	14
28	24	20
25	6	6
43	45	35
32	18	26
39	41	19
39	41	11
29	49	19
9	18	25
9	10	49
50	27	15
46	32	9
47	47	26
5	27	50
27	8	49
27	20	37
10	48	8
31	49	10
30	6	19
28	3	4
19	25	28
3	24	25
44	46	40
12	5	43
42	45	43
24	13	30
26	12	5
26	30	6
36	49	8
31	16	33
24	35	14
48	33	11
21	26	26
43	22	50
9	22	7
24	16	31
8	26	31
17	5	40
38	18	28
28	34	16
19	7	44
11	17	24
45	21	42
5	23	33
23	48	23
25	37	25
11	5	12
29	34	9
5	6	46
6	4	37
18	40	29
32	10	42
9	18	6
9	33	39
39	33	22
3	48	8
10	29	5
12	32	33
15	13	7
6	25	45
39	35	26
45	20	48
28	25	31
39	43	18
29	32	30
11	24	4
13	21	45
46	11	27
30	45	8
37	30	10
20	46	36
27	27	36
21	41	18
14	8	30
3	13	50
33	20	24
48	21	44
12	12	26
3	37	21
4	43	35
27	8	9
13	22	35
27	3	45
33	46	32
28	34	24
27	47	45
17	42	8
12	39	43
31	39	43
15	3	41
49	11	24
7	21	48
46	22	26
14	20	14
40	15	25
32	37	32
15	28	30
4	13	50
5	32	27
40	5	17
6	45	34
7	11	28
23	24	15
29	10	30
31	17	5
42	43	21
36	23	5
4	24	23
48	18	22
48	18	19
39	6	4
21	25	49
27	37	36
24	3	36
14	8	24
27	10	9
42	45	4
3	20	22
11	6	48
9	47	24
43	36	17
6	18	13
38	38	48
40	46	31
13	31	45
25	40	27
10	5	25
47	6	46
20	42	30
6	6	32
6	21	44
8	34	13
40	40	45
6	4	5
45	31	17
16	26	45
28	24	4
34	41	47
33	31	46
29	5	20
15	9	48
21	32	48
8	25	15
35	32	11
9	23	25
25	15	26
27	48	3
40	48	32
25	45	19
13	13	26
11	29	48
8	15	23
35	21	22
5	34	24
42	5	25
7	18	50
45	8	48
10	15	11
9	48	15
25	31	31
15	46	5
27	48	31
8	13	43
11	14	18
49	39	25
32	23	27
44	14	20
13	45	20
25	40	48
12	41	39
11	49	30
47	10	47
16	33	11
17	19	39
11	26	31
30	27	6
17	18	34
31	3	38
39	6	25
32	25	46
48	3	31
46	35	36
27	39	42
45	34	33
5	31	30
33	37	48
9	4	49
16	34	28
37	42	42
13	10	9
36	27	49
3	27	27
25	21	30
43	30	19
12	38	43
42	28	47
8	31	7
46	49	39
10	5	32
47	18	3
19	23	9
38	35	29
42	28	32
33	50	24
18	36	5
26	9	28
29	37	45
42	43	30
13	13	32
41	43	50
44	42	28
9	32	45
7	44	5
5	31	5
21	45	33
7	16	39
48	12	26
15	43	38
25	45	37
17	20	36
48	19	8
48	32	18
21	22	41
16	24	50
5	38	23
39	27	24
3	42	15
41	16	35
7	36	27
29	47	21
3	7	45
27	3	20
19	38	29
15	4	33
39	49	47
17	9	45
31	49	48
13	9	19
15	42	13
20	24	21
18	49	28
7	46	40
32	42	46
33	45	45
15	6	15
18	26	31
47	11	18
27	18	47
23	19	47
6	29	27
50	31	22
28	22	27
18	29	50
37	46	14
33	23	35
25	35	23
16	49	23
15	3	10
7	35	49
13	4	31
46	34	49
20	35	44
29	20	32
3	38	12
36	18	21
44	48	31
24	28	18
15	9	16
41	26	4
28	24	41
25	16	46
4	42	15
39	50	45
14	29	21
50	18	19
23	31	43
46	38	41
43	33	15
9	14	47
14	19	44
8	50	15
8	4	14
8	16	34
37	32	6
26	50	12
10	32	46
10	34	40
35	15	28
49	36	33
41	21	5
5	3	14
31	45	48
45	50	42
12	26	44
45	38	41
29	3	36
13	6	31
27	3	6
33	49	9
21	37	41
8	5	32
4	44	12
32	27	23
11	6	35
8	20	17
50	42	37
47	9	23
31	10	5
40	14	45
48	23	31
28	46	42
42	30	9
40	24	3
6	36	39
23	20	30
13	6	15
40	42	11
17	22	34
13	30	19
27	43	26
25	42	14
9	7	13
9	39	12
24	41	25
30	33	36
24	4	21
20	18	24
28	33	23
27	31	39
11	34	3
13	6	10
23	9	14
34	48	35
44	27	48
46	14	45
21	48	37
44	7	24
44	16	5
45	50	41
19	37	35
38	28	24
41	13	32
35	17	13
40	24	6
43	46	23
44	29	37
4	29	47
8	13	18
38	18	16
28	50	48
46	39	11
19	46	38
40	14	29
44	47	13
30	7	44
18	6	11
44	7	39
38	28	18
26	22	37
19	46	4
48	46	32
9	22	35
50	15	19
24	5	5
38	11	37
44	27	27
15	39	48
18	7	27
28	3	32
30	13	43
28	35	8
29	25	11
34	28	37
47	22	7
43	49	11
46	29	15
21	37	23
32	49	14
30	43	31
10	13	32
39	17	17
34	10	39
32	22	47
7	18	25
12	49	12
19	6	7
33	32	44
32	40	18
10	6	23
27	12	16
44	29	50
39	29	33
9	17	42
39	7	49
10	49	7
14	25	46
25	36	25
11	23	36
6	49	50
26	20	34
5	19	50
41	46	23
34	5	5
31	43	30
6	14	15
6	21	17
39	33	38
24	14	50
4	31	30
37	20	8
13	10	4
15	26	16
48	17	15
18	10	28
40	43	35
15	4	44
7	18	9
13	27	29
47	42	27
13	11	35
13	42	20
43	21	25
10	37	28
30	23	4
22	9	19
31	39	18
24	10	41
20	32	24
26	22	33
14	5	32
19	20	45
7	25	28
5	15	29
4	41	18
41	34	33
19	41	11
21	19	36
19	3	3
17	31	17
3	3	42
17	32	32
7	40	31
28	4	35
16	22	26
24	4	16
47	9	14
39	9	20
16	6	11
47	40	38
36	8	28
32	46	29
19	36	17
11	19	38
22	31	42
46	30	6
27	26	24
39	24	24
4	20	49
9	48	16
4	47	23
19	3	50
22	30	10
49	15	28
41	29	3
38	26	11
26	33	32
47	8	5
37	44	19
4	24	16
37	36	36
47	42	35
4	14	50
16	40	13
42	6	21
41	19	27
41	7	35
41	44	29
5	46	36
14	47	25
11	6	29
47	37	24
22	21	15
38	30	32
14	28	28
12	28	33
5	46	45
31	39	35
38	47	5
37	19	30
7	46	3
48	34	40
36	24	19
10	42	23
49	31	26
4	32	24
17	12	29
38	11	31
10	42	15
4	29	13
11	5	8
46	49	48
12	26	37
24	50	39
33	33	30
43	47	18
36	11	12
38	20	9
27	29	45
6	44	32
18	21	4
38	9	30
39	32	19
46	31	31
13	19	32
18	15	25
10	43	47
24	15	24
15	13	37
48	27	39
20	47	44
37	21	20
4	29	20
27	21	11
41	11	45
38	49	27
43	18	7
29	24	29
7	37	33
24	14	30
26	28	46
22	38	18
36	48	46
35	28	18
29	34	21
39	8	39
12	4	22
4	20	4
3	41	45
48	44	15
45	43	29
23	35	41
41	40	47
30	43	32
26	37	37
30	41	12
21	21	50
6	9	36
15	36	44
16	34	5
49	35	41
17	44	45
6	44	17
14	17	13
50	9	15
24	45	28
22	31	37
49	38	28
8	14	28
30	29	27
10	32	21
38	13	40
10	32	37
46	46	46
27	24	6
31	12	30
37	26	46
17	25	20
37	42	23
15	25	36
39	36	23
18	36	19
19	16	47
39	28	5
13	30	9
40	38	8
29	30	15
8	14	8
14	11	29
24	13	35
23	27	15
24	42	31
37	46	16
9	37	9
22	23	7
46	34	36
49	6	6
20	6	43
9	35	29
12	39	12
49	12	33
13	46	14
25	38	27
36	14	37
22	24	36
11	45	43
32	50	50
44	37	20
43	16	26
12	45	48
42	47	27
36	34	9
22	4	10
48	31	18
14	18	8
27	16	50
33	23	36
10	42	50
29	46	22
21	23	49
27	11	36
28	38	20
16	38	33
20	23	33
18	35	12
4	8	39
11	40	4
50	12	28
22	45	37
29	27	45
20	24	29
12	22	23
5	26	12
46	26	46
21	40	4
28	28	38
48	30	11
16	29	36
38	20	42
3	22	32
34	11	46
39	35	18
31	39	24
27	39	18
42	40	19
22	36	46
43	41	16
45	12	45
21	6	31
23	32	41
10	10	13
20	45	10
9	20	41
43	5	17
29	49	14
39	47	38
31	8	23
22	6	50
39	10	16
14	34	13
41	5	37
36	35	3
30	38	7
33	39	23
31	26	7
36	29	22
28	25	19
32	10	25
32	15	49
48	4	43
45	25	38
6	33	26
5	44	27
15	47	48
35	22	40
40	12	12
16	20	19
7	40	12
33	27	13
49	42	38
50	41	46
22	10	14
45	50	11
3	38	6
7	29	43
10	35	30
41	8	50
30	16	8
14	16	29
21	18	31
31	8	34
3	9	41
50	32	48
44	14	17
8	27	18
45	36	38
4	13	29
33	32	34
7	50	4
43	48	16
50	47	50
14	13	44
38	37	18
11	47	50
37	31	37
9	35	43
31	3	18
6	28	29
34	11	9
38	14	40
23	45	9
33	12	15
43	31	30
40	29	29
45	40	17
31	35	13
30	27	34
45	6	20
41	6	13
45	35	12
8	3	46
39	43	42
13	9	13
41	50	41
42	27	42
40	41	24
19	49	50
27	35	33
50	27	48
20	18	21
25	36	5
21	44	42
45	31	30
42	29	7
12	19	37
29	23	9
18	19	13
12	26	21
36	18	30
22	32	27
19	25	46
26	38	4
12	29	50
42	7	4
15	41	46
12	24	30
19	28	48
35	32	34
44	39	6
5	29	13
18	31	41
29	12	29
28	32	10
49	46	20
6	49	18
39	33	7
20	42	11
35	46	34
12	6	8
24	25	22
29	29	49
38	46	46
41	47	35
20	49	36
25	25	26
47	17	20
37	39	21
11	12	5
12	5	44
18	45	47
49	32	33
8	25	9
26	47	3
44	29	31
48	6	18
12	3	36
7	11	41
17	8	30
9	19	46
9	47	41
6	37	31
28	30	13
17	26	31
10	10	21
21	7	36
42	38	46
46	50	10
46	46	18
36	35	27
14	45	29
26	7	8
26	47	22
17	5	26
17	10	50
37	17	6
37	30	30
15	4	50
26	5	27
17	38	40
19	20	31
13	11	5
25	31	33
32	43	39
17	38	41
3	29	24
19	44	13
38	39	24
43	46	41
7	41	44
15	19	9
35	36	14
4	4	7
16	39	16
35	16	5
49	3	27
15	23	26
34	14	49
15	47	39
45	49	4
47	9	44
16	12	44
21	30	48
43	48	18
6	4	12
39	25	17
20	46	27
35	4	25
28	10	17
9	3	4
34	13	4
20	39	42
48	16	24
7	24	14
14	42	30
40	22	6
44	5	4
33	28	36
26	23	35
27	8	3
45	33	26
33	35	34
50	35	50
38	44	39
6	39	13
15	13	45
13	50	24
6	28	25
30	4	23
18	24	32
15	14	6
25	27	47
5	38	14
20	7	3
6	32	30
44	11	50
49	31	3
49	22	45
40	27	6
38	42	7
13	26	25
25	42	23
46	18	11
6	10	49
26	45	33
13	46	35
18	50	23
16	4	36
45	7	14
34	22	33
19	42	5
8	15	4
45	10	50
23	24	32
22	42	18
26	47	33
36	4	19
39	46	6
33	9	19
16	48	32
6	8	18
35	23	46
10	30	43
14	16	38
49	22	23
50	21	23
42	27	50
36	37	39
27	20	3
12	29	14
49	27	10
21	40	26
29	23	5
42	5	39
21	11	29
44	46	32
44	28	6
46	40	27
5	24	38
41	7	10
44	44	16
12	45	37
44	19	5
24	28	4
18	18	42
30	18	7
3	29	8
44	29	33
50	30	45
42	35	3
9	11	23
9	27	5
32	16	49
50	18	46
12	6	42
9	28	29
33	16	19
45	7	11
18	50	17
15	26	36
30	47	8
34	6	41
36	39	38
50	41	33
43	3	40
7	37	40
6	6	50
42	33	47
36	26	45
47	6	35
44	38	27
18	25	21
41	19	26
42	43	6
8	10	11
7	45	38
8	33	16
27	42	23
31	8	15
45	24	28
23	30	9
14	17	23
42	36	14
34	5	15
42	3	49
35	32	42
5	6	19
17	20	36
8	18	37
38	26	19
49	32	3
37	35	44
41	29	38
30	46	29
38	50	27
14	13	12
35	19	38
3	22	45
8	47	35
22	32	3
39	25	48
28	45	10
48	42	10
27	24	44
46	46	41
29	20	11
25	32	9
10	5	26
14	21	7
9	25	38
44	47	37
35	43	37
11	37	49
40	31	15
18	46	39
3	17	17
48	45	20
40	8	41
13	39	32
22	9	44
45	45	12
30	47	19
27	34	13
17	28	44
10	18	27
13	17	4
49	10	35
18	32	4
14	11	31
29	8	20
22	30	7
8	38	7
22	25	3
43	6	36
18	19	18
35	24	42
28	11	22
14	14	8
42	18	37
17	3	31
49	11	17
42	20	50
40	16	7
26	32	33
9	4	44
3	37	37
36	24	40
48	48	5
7	49	36
49	12	28
5	30	10
50	36	6
24	28	35
3	25	8
21	32	18
18	19	29
46	18	8
14	46	50
4	19	13
48	44	31
6	23	40
23	47	45
44	49	40
28	34	10
14	16	24
33	30	32
26	9	9
7	10	27
50	12	21
44	8	46
33	21	10
9	20	23
37	48	27
12	48	11
49	37	41
44	45	48
21	24	22
28	40	39
3	48	29
6	11	29
5	18	6
22	45	6
13	3	19
35	43	24
8	5	31
24	19	45
15	46	41
12	25	10
36	27	20
14	21	15
48	42	29
46	5	34
6	19	38
19	42	10
46	4	45
26	24	41
4	38	44
21	34	46
30	21	17
15	29	19
35	30	39
33	44	39
16	19	24
24	29	17
19	6	7
34	16	7
14	41	49
25	12	39
44	9	22
39	41	44
50	32	24
16	33	24
25	24	11
5	42	26
10	39	39
8	12	24
29	31	12
3	43	13
13	35	29
39	23	38
38	49	28
39	48	16
39	33	35
11	42	36
5	12	34
9	9	11
22	11	31
46	6	11
38	3	13
19	15	48
7	5	10
8	30	9
34	47	5
4	32	8
15	17	36
22	22	41
50	42	13
4	37	37
32	38	24
17	21	39
26	19	48
29	37	12
39	4	37
4	13	29
13	6	33
10	18	11
6	26	4
12	45	16
30	40	29
39	16	11
26	14	40
17	10	22
21	25	47
3	10	22
36	30	29
24	32	26
49	29	29
31	10	5
38	42	30
38	33	6
13	50	34
3	41	36
27	32	41
19	47	49
36	22	30
32	7	19
21	37	12
15	28	43
4	29	10
40	40	11
15	48	33
21	39	14
23	40	9
27	29	9
23	38	50
15	19	46
12	35	41
6	35	34
35	13	19
23	5	6
33	44	12
20	42	41
35	11	39
39	28	21
14	50	36
37	22	37
26	21	13
40	15	31
35	36	31
42	26	18
46	26	47
8	17	22
21	9	15
28	37	39
20	31	46
25	33	41
13	25	35
45	27	46
16	23	12
28	38	8
4	17	37
40	35	24
44	34	25
36	47	22
43	46	41
11	48	49
17	15	7
49	12	48
12	12	25
35	38	36
4	15	30
14	28	23
5	35	30
6	13	34
33	17	38
12	7	12
16	49	21
37	38	45
26	25	19
30	14	36
24	38	9
14	25	35
21	39	42
26	37	5
24	43	34
35	24	14
24	24	19
48	15	36
43	4	50
5	31	13
9	16	6
13	5	38
25	32	25
47	32	16
30	24	48
48	18	4
7	18	19
47	6	27
23	42	21
16	48	23
43	50	21
8	12	5
42	33	19
40	36	12
32	46	18
25	26	23
46	9	46
28	8	31
18	31	45
12	38	46
38	22	30
27	42	40
41	9	19
32	39	21
24	27	26
15	3	38
28	35	6
48	45	10
35	44	35
38	31	32
41	45	10
14	8	21
25	32	32
47	4	39
38	7	44
26	19	23
50	40	28
36	38	29
36	18	7
17	24	28
40	29	49
48	42	17
16	42	24
7	6	10
28	50	19
33	38	37
25	23	27
45	19	46
25	9	19
39	18	8
15	10	35
7	9	42
50	26	50
8	47	9
20	43	6
10	30	30
18	38	48
47	22	21
3	45	46
5	35	50
3	48	45
16	14	34
33	6	34
19	35	38
3	21	29
28	31	39
20	5	34
45	33	15
44	37	33
26	15	7
24	22	32
20	43	49
35	36	8
36	12	8
32	42	29
34	37	24
12	16	41
49	25	22
16	30	50
7	6	5
39	22	20
49	13	14
38	37	19
37	34	48
47	15	23
30	43	47
33	28	37
18	20	48
6	25	21
29	18	37
35	36	5
20	17	22
45	38	10
3	44	26
8	17	12
44	28	23
15	8	22
29	40	3
39	21	9
9	3	12
9	37	28
41	19	12
22	8	30
41	31	35
36	44	39
5	17	9
25	46	26
25	42	27
44	22	32
10	40	30
37	3	17
18	29	37
31	36	48
47	34	43
35	10	21
49	45	34
36	20	21
21	3	47
12	15	9
28	23	3
35	33	41
34	32	3
6	15	13
26	46	13
16	39	37
20	9	37
49	23	3
30	8	38
8	39	8
32	46	39
4	50	21
31	22	30
28	49	10
45	22	32
16	34	40
24	8	32
25	10	5
34	31	30
31	45	24
13	35	24
14	6	7
16	45	22
23	25	44
12	41	15
18	3	10
18	13	40
20	19	36
48	7	22
6	45	10
26	13	20
37	47	10
6	28	16
22	7	48
44	4	29
6	29	48
48	37	35
22	22	39
38	13	45
4	33	10
16	6	7
49	35	46
26	39	27
32	22	37
49	29	39
48	25	14
33	20	4
18	38	26
48	3	15
8	3	48
42	15	6
27	26	7
49	35	37
30	13	40
37	27	23
29	25	44
47	27	17
50	30	16
40	42	34
28	48	3
21	21	43
42	46	4
18	34	29
21	27	32
36	49	15
28	23	20
40	43	34
45	34	33
12	5	20
7	50	31
50	33	6
38	16	17
45	12	35
28	19	27
19	12	34
31	40	38
20	9	45
10	34	17
32	22	16
32	15	44
3	10	35
41	12	49
31	35	44
10	47	18
4	25	14
10	16	33
7	33	41
40	16	12
28	17	11
46	6	14
42	30	41
46	8	36
27	17	15
5	15	4
20	26	12
22	15	27
25	23	28
49	39	18
42	49	43
4	31	28
27	22	30
22	14	34
21	22	32
14	3	3
15	33	50
34	47	32
42	15	31
47	42	26
31	38	27
35	26	37
46	40	44
45	25	34
14	8	50
18	4	26
8	26	21
42	33	10
25	39	33
28	30	5
48	14	23
49	50	27
25	5	13
31	28	3
20	27	3
8	15	9
50	13	30
13	49	47
17	21	38
4	9	48
36	10	30
20	8	29
29	15	43
32	21	30
3	15	22
35	46	44
44	17	35
17	16	44
27	13	30
42	10	48
44	48	23
27	49	29
35	28	8
26	16	31
30	41	32
47	46	37
43	30	9
30	20	31
41	24	11
4	31	3
44	8	25
8	29	39
3	19	47
47	11	37
15	9	50
29	23	22
7	25	13
47	38	36
17	42	15
46	32	24
14	40	32
34	18	28
19	40	10
30	4	12
42	48	50
6	17	43
26	3	27
24	10	13
41	23	17
18	36	36
31	26	16
48	4	43
6	45	9
46	24	12
14	15	20
24	44	47
42	12	50
27	41	11
34	36	19
43	25	41
50	33	45
35	29	25
24	8	45
3	10	29
49	9	47
5	34	41
28	38	26
39	6	26
48	28	44
10	48	40
4	4	9
9	12	33
40	45	27
42	49	46
32	11	31
47	46	17
28	31	24
49	22	6
47	10	14
49	44	37
30	13	44
47	34	19
23	46	35
11	26	20
32	5	30
45	35	37
22	20	20
17	21	3
20	14	18
8	15	47
46	21	14
26	50	31
32	16	6
11	38	10
25	14	5
43	11	31
27	31	21
50	46	42
40	22	5
9	11	8
11	29	39
36	49	4
17	12	38
30	12	24
26	22	11
13	20	36
25	46	31
40	41	37
29	4	39
3	23	38
7	8	15
15	46	24
14	4	24
3	32	43
47	8	10
19	22	36
16	5	16
7	19	27
49	17	15
17	36	24
43	15	12
36	36	11
30	31	24
42	9	47
22	23	49
39	20	48
44	8	9
40	33	42
50	50	25
28	6	38
28	34	26
13	15	23
41	47	6
37	7	19
19	20	18
6	25	37
34	4	37
44	24	16
50	15	39
21	6	20
4	42	15
48	20	45
5	43	26
45	10	12
21	16	39
8	7	19
26	27	36
50	38	13
27	21	9
4	37	40
10	8	12
7	49	28
42	46	11
46	26	9
37	10	11
48	15	9
48	50	15
18	35	6
13	23	28
47	41	49
29	9	45
22	8	33
18	36	14
14	5	9
28	4	11
15	12	6
7	50	40
14	28	40
20	41	47
5	39	24
22	5	23
36	34	12
40	11	25
49	20	7
12	22	49
30	24	22
40	15	18
47	4	43
8	5	36
34	41	19
23	12	34
50	21	44
26	33	27
5	44	3
44	19	7
13	18	49
38	16	7
23	34	18
35	21	38
24	31	34
50	14	18
30	25	3
15	35	10
37	5	22
4	17	46
10	32	15
14	25	27
36	10	33
4	47	46
49	32	39
22	49	14
36	42	45
6	40	10
28	18	8
46	37	27
5	5	24
37	11	7
46	16	14
12	22	29
9	43	30
21	29	43
22	28	49
43	14	26
22	34	34
23	37	28
41	27	11
40	31	30
30	21	48
5	5	39
7	47	39
10	34	27
46	22	14
29	35	36
37	28	39
27	39	4
46	17	28
45	34	29
31	28	28
4	23	41
32	31	12
46	15	27
48	35	13
26	43	40
13	17	27
41	4	27
6	25	19
46	47	42
18	14	20
14	28	6
37	48	45
6	11	28
28	12	8
15	28	35
27	11	39
23	35	25
28	24	21
42	46	25
23	31	29
8	30	41
40	30	16
7	11	37
7	49	42
46	4	14
42	29	30
19	41	20
49	30	15
30	19	19
21	16	34
12	38	16
6	48	4
17	12	3
46	10	48
26	4	9
32	44	11
30	6	26
49	43	15
12	48	10
19	8	30
48	24	46
19	30	35
14	32	8
18	33	14
38	24	6
41	7	35
28	47	46
27	16	36
47	50	8
35	30	27
4	37	3
27	36	38
13	37	49
7	33	15
29	28	46
47	11	20
50	29	47
16	23	26
30	26	20
50	5	8
26	47	32
31	43	7
29	14	30
47	10	33
43	48	26
32	44	33
28	42	18
12	28	10
50	5	5
40	37	5
26	39	20
48	50	43
37	50	11
16	41	24
25	33	25
34	5	41
7	37	4
14	38	41
5	29	40
11	48	8
20	14	24
6	16	20
43	47	20
22	10	31
8	40	12
39	30	30
49	12	5
21	50	29
7	19	50
23	3	50
31	24	15
10	17	33
3	46	3
5	47	7
14	37	45
47	48	31
43	9	29
30	6	37
49	5	41
10	31	17
12	45	3
31	16	6
24	12	32
3	27	24
22	46	28
43	15	6
37	29	27
26	11	50
46	17	27
39	8	49
29	6	42
19	9	32
25	40	6
14	19	17
13	24	8
48	24	43
36	21	46
10	34	11
31	28	26
38	4	28
45	44	40
9	43	48
40	29	16
27	8	41
32	32	33
28	47	48
38	32	16
5	13	31
12	30	33
35	4	42
40	10	6
27	16	46
49	11	33
37	4	17
19	36	16
21	3	6
28	35	27
25	43	50
47	37	15
43	38	13
37	36	45
39	19	45
43	38	22
24	47	25
23	7	50
9	10	27
7	37	27
28	49	48
9	25	23
36	42	18
26	43	20
50	15	33
38	36	20
46	36	12
42	37	24
40	21	38
35	50	12
49	35	30
28	28	24
24	35	19
8	10	40
34	45	29
21	15	5
10	26	9
44	17	37
31	27	24
3	34	3
21	12	6
31	32	23
25	14	35
6	50	25
21	26	33
45	14	37
5	22	34
38	6	4
33	5	13
45	47	41
22	23	42
48	43	12
36	24	39
32	50	41
42	45	34
4	46	39
40	3	28
36	42	8
26	18	8
35	44	8
19	35	26
15	8	50
25	25	29
24	37	11
21	6	8
11	10	9
33	21	47
42	7	34
35	14	20
35	19	42
4	33	6
36	13	16
23	39	14
9	34	22
31	42	47
25	16	21
7	24	39
13	23	40
19	26	17
32	47	50
34	33	40
21	48	6
50	44	23
25	17	25
33	37	38
12	35	49
48	27	15
21	28	19
19	43	39
20	28	47
8	28	20
14	33	18
5	9	45
27	37	48
9	18	36
50	5	26
50	36	30
26	25	26
47	17	18
9	4	4
39	50	5
40	42	15
47	28	11
42	10	36
27	8	6
8	18	21
44	38	30
29	49	6
43	5	31
27	37	23
18	15	41
47	50	30
13	44	15
11	17	20
27	24	17
17	32	33
20	10	39
6	27	8
36	9	39
10	47	20
13	12	36
24	46	22
4	39	42
13	26	40
10	27	24
29	31	37
45	32	36
26	39	29
47	7	10
20	22	6
5	4	4
30	31	50
47	43	34
28	3	47
13	8	7
15	26	42
41	23	42
44	16	20
13	35	11
30	24	26
16	40	19
24	41	20
15	22	23
11	37	45
33	21	46
39	41	44
17	45	22
46	23	30
28	12	34
35	42	17
35	49	49
46	33	23
12	35	49
13	38	37
20	50	46
49	3	15
49	31	44
12	41	6
40	42	16
4	41	4
29	16	35
26	19	14
36	24	29
43	27	7
48	21	44
40	34	38
46	15	8
4	33	31
37	36	39
27	42	20
39	43	47
7	50	41
37	15	13
25	27	4
36	44	9
22	26	25
21	48	27
35	47	33
38	47	36
8	3	24
9	31	8
40	37	37
10	6	43
50	12	33
49	36	50
10	39	47
48	19	41
25	32	3
28	45	45
29	36	28
44	33	5
30	43	43
16	33	19
20	13	30
29	26	11
38	6	47
22	42	18
22	46	49
43	44	27
27	18	41
12	18	11
27	22	5
26	5	41
25	41	27
12	9	20
43	34	48
29	45	11
7	28	49
50	20	3
48	8	44
41	17	16
9	34	28
36	33	31
27	22	34
45	5	49
49	12	45
5	50	7
48	45	15
11	22	22
18	3	20
43	6	34
28	30	11
15	47	40
43	45	22
26	40	30
28	30	16
19	42	23
36	37	9
20	44	9
40	17	9
40	9	18
17	7	42
22	23	41
41	12	7
34	12	50
48	38	28
46	5	42
38	7	8
4	29	8
38	36	47
19	25	13
5	18	42
5	45	16
15	15	19
26	31	22
44	49	41
34	8	45
13	48	35
35	18	46
44	47	34
29	21	18
15	15	40
23	40	15
19	32	34
6	42	47
6	42	10
7	26	28
8	20	34
27	39	24
9	21	18
34	17	22
42	49	49
26	49	34
16	11	16
15	13	13
37	19	31
25	9	35
12	15	37
27	24	9
30	23	50
46	5	24
36	40	8
11	10	4
27	21	12
18	41	12
19	15	40
26	4	18
29	40	24
47	29	6
31	15	4
17	11	29
26	19	15
27	36	33
27	10	14
32	29	5
6	9	45
7	23	8
38	9	43
41	22	35
15	39	36
47	48	11
3	37	41
50	8	46
8	10	44
19	16	24
49	6	46
17	21	27
19	29	33
50	31	13
27	12	38
47	27	47
20	19	26
10	17	36
49	5	25
48	25	9
29	17	45
49	12	28
4	23	30
40	49	23
43	24	19
25	18	42
18	20	41
5	17	42
40	10	28
9	33	5
40	27	47
7	7	40
39	13	32
28	36	24
31	15	38
32	41	40
10	19	38
8	37	47
6	6	35
44	20	24
32	20	39
5	18	35
8	16	39
45	36	9
36	39	43
16	47	31
35	21	46
9	29	29
24	45	26
34	9	28
8	16	42
48	7	42
18	49	12
43	15	39
30	24	33
30	47	22
29	50	35
42	26	7
36	26	32
9	18	16
10	48	38
7	5	14
12	32	30
39	16	48
14	48	32
25	49	3
41	31	18
9	46	4
6	5	9
19	35	5
6	15	26
43	39	21
39	4	5
37	27	45
32	28	23
23	47	44
31	17	11
29	8	33
6	7	44
33	6	12
28	50	19
8	13	10
29	19	9
24	11	36
16	39	24
29	10	40
11	13	19
7	43	35
27	19	27
49	49	4
18	11	39
6	40	36
5	32	21
36	4	32
38	28	48
35	9	38
48	12	5
35	7	5
40	25	6
7	5	10
3	4	48
14	17	35
40	11	48
7	32	46
42	17	27
42	5	4
39	40	26
9	43	31
39	28	22
24	20	43
28	35	13
18	8	32
33	15	5
23	14	17
28	12	3
24	25	39
23	28	24
10	25	32
32	9	50
44	9	16
42	46	24
9	48	14
28	16	16
44	33	28
24	29	26
23	21	6
20	4	8
33	15	21
21	19	35
38	19	34
8	9	50
21	42	33
38	21	16
22	28	37
20	17	4
46	14	5
11	48	20
30	42	32
13	26	24
49	30	36
23	9	25
24	20	48
30	37	35
18	17	45
5	33	46
29	44	9
29	6	15
19	17	26
48	40	13
25	34	37
32	4	27
50	15	5
50	19	14
11	15	12
16	13	28
17	9	36
37	37	42
19	28	40
42	22	10
9	35	34
12	39	29
28	19	9
41	37	5
24	41	28
33	18	29
43	6	39
19	17	35
17	20	5
48	9	19
43	5	11
45	33	23
44	10	3
13	13	13
25	8	18
24	28	24
18	36	34
13	3	35
5	39	28
17	42	22
37	25	18
8	29	12
18	39	9
4	28	42
45	14	35
7	11	17
6	20	8
7	32	31
43	27	16
48	33	41
44	50	49
35	16	15
19	5	43
36	31	10
47	20	41
24	17	44
8	16	28
40	40	18
39	48	46
22	33	42
22	20	32
22	5	28
7	30	36
43	24	14
19	15	6
30	43	29
24	43	43
24	5	40
17	38	7
28	14	17
5	29	20
48	15	5
38	14	15
5	40	21
20	30	27
6	11	43
33	48	20
39	26	14
22	38	23
28	39	42
26	16	44
27	29	25
37	13	6
37	6	9
4	34	13
46	15	33
46	29	5
45	31	24
6	40	38
45	28	6
25	34	19
27	27	50
21	8	24
11	38	30
5	39	12
10	12	33
29	19	38
13	14	26
3	45	8
26	31	50
5	29	34
33	18	43
36	10	26
11	46	48
24	6	36
40	7	47
46	7	34
5	31	39
35	26	50
3	46	27
15	47	46
17	3	50
45	3	22
37	29	27
19	28	25
44	40	18
13	21	38
5	24	33
42	45	48
5	9	7
31	44	40
14	20	22
6	40	46
36	18	3
45	16	30
7	11	14
10	43	34
29	39	12
30	4	17
28	28	13
18	36	23
50	30	30
5	46	19
28	48	20
32	27	28
45	27	49
24	18	24
41	5	21
12	35	26
25	32	4
40	43	45
47	24	46
34	24	6
20	44	15
46	38	25
17	43	35
5	36	3
28	38	15
49	26	32
29	17	32
46	29	32
4	42	14
8	50	20
47	7	44
14	49	18
13	27	35
46	44	22
35	17	15
44	13	19
13	47	35
35	39	27
6	15	42
48	43	35
31	45	31
25	34	9
21	48	3
25	44	27
12	10	21
3	44	48
23	4	28
27	19	42
44	46	32
43	49	5
8	38	8
8	49	27
37	46	14
23	13	19
5	47	43
6	15	33
39	44	12
40	14	35
40	23	43
14	10	7
26	7	48
5	34	38
11	25	27
45	45	37
21	34	42
44	38	35
30	22	26
30	46	17
49	41	32
27	5	4
19	50	50
50	19	8
42	32	47
7	18	14
28	8	46
7	38	11
37	44	27
27	45	20
18	29	23
14	41	37
7	4	17
36	39	36
40	4	46
43	29	28
9	20	39
25	14	50
33	12	50
42	31	3
12	48	11
12	14	23
13	16	32
13	24	13
43	3	19
10	29	49
13	12	37
44	34	20
23	35	3
32	8	37
48	17	8
20	40	15
47	16	16
3	39	10
45	12	32
38	42	9
30	33	4
12	6	38
25	34	35
12	43	5
18	17	5
46	3	48
40	20	23
9	8	20
28	26	28
8	10	24
35	32	35
27	38	38
9	23	31
31	29	47
39	15	15
36	9	49
28	26	47
20	5	7
49	34	12
45	19	25
7	50	5
39	7	50
29	32	16
46	50	48
12	35	43
30	12	36
50	5	41
11	31	32
17	12	36
36	50	18
29	23	21
34	40	19
6	6	38
50	8	33
19	27	18
32	15	6
10	10	23
5	16	16
18	48	27
6	43	38
32	12	24
26	12	23
22	43	5
50	39	26
40	12	45
23	18	38
34	21	3
18	11	14
32	8	36
43	34	32
30	8	14
8	13	10
10	10	14
5	18	19
25	19	38
3	16	32
22	25	45
26	17	38
10	31	5
12	12	20
37	47	25
33	10	17
39	28	9
9	35	8
26	28	39
37	44	45
30	20	18
5	5	45
7	39	22
26	21	21
10	34	12
38	4	24
23	11	9
34	15	25
14	30	41
26	30	16
33	48	45
38	16	9
13	45	23
15	8	38
28	13	40
34	38	8
27	7	48
27	45	33
27	6	49
23	5	44
21	28	49
12	39	46
49	44	8
40	7	19
47	29	18
49	13	37
7	47	40
13	13	23
20	18	12
30	40	13
42	20	32
36	33	25
50	23	46
7	24	35
7	25	18
46	46	37
25	49	13
32	42	26
28	28	41
46	32	35
30	47	24
25	26	48
31	47	4
48	39	19
16	40	21
22	25	3
9	16	23
22	8	22
38	48	32
29	22	5
27	47	37
30	22	37
23	20	48
44	38	43
25	42	32
14	28	14
5	8	39
42	37	10
42	37	4
21	24	10
24	15	7
12	18	7
36	28	39
32	27	35
26	20	32
8	33	19
47	13	27
27	39	35
9	29	8
3	4	27
23	25	10
32	13	36
13	18	5
14	10	23
39	8	39
49	33	17
15	33	46
21	18	19
22	25	41
11	13	28
6	22	7
50	14	39
30	13	14
26	15	48
16	22	7
19	17	11
6	22	35
6	24	48
12	43	15
47	13	42
11	22	33
15	28	15
7	17	40
50	11	6
22	13	22
6	15	44
37	10	13
6	29	8
14	12	23
46	43	37
45	21	13
45	33	49
8	5	30
16	11	36
10	35	36
35	47	41
7	17	19
7	30	25
43	48	24
23	30	4
48	7	18
4	35	36
50	45	43
20	10	17
41	42	22
26	7	30
31	43	18
37	42	25
46	24	45
30	41	16
43	10	45
22	4	49
38	40	8
41	9	10
36	26	17
29	28	22
37	32	47
23	17	4
12	49	17
16	40	3
5	40	41
19	46	21
7	28	41
26	13	16
48	32	23
42	47	7
26	47	13
33	40	45
20	3	31
23	42	25
13	28	8
11	34	24
11	7	10
6	47	23
27	47	34
40	29	4
23	18	23
24	37	26
11	15	22
22	16	17
33	33	46
7	35	5
4	41	37
36	15	20
10	8	6
13	43	11
24	32	28
27	41	50
26	4	41
11	43	16
7	49	49
18	35	15
3	41	12
7	16	16
48	49	29
22	20	16
44	35	7
28	46	35
43	38	18
44	17	10
37	30	34
18	44	22
3	29	43
31	5	43
49	25	35
41	29	41
28	28	32
21	32	36
33	10	4
7	6	35
15	21	40
36	45	13
13	48	4
30	26	31
9	35	4
15	33	5
20	47	43
26	3	39
45	44	20
45	41	28
19	14	40
9	40	20
15	13	13
16	27	41
39	6	40
25	42	25
17	4	42
21	46	39
42	32	23
33	11	28
43	45	11
13	22	18
12	50	25
14	23	34
35	31	36
49	13	25
22	32	18
8	7	50
47	26	14
36	16	36
22	24	20
46	27	21
45	4	25
23	19	5
26	45	19
45	18	14
12	44	38
40	23	45
36	25	47
25	12	25
30	33	12
31	29	12
8	16	38
37	40	19
32	22	37
9	50	23
47	47	11
4	36	45
44	46	6
41	35	41
17	12	24
15	15	41
8	18	15
50	42	23
50	31	15
23	38	8
23	23	50
45	46	14
18	35	18
6	44	28
18	13	46
13	44	7
19	13	36
19	12	15
38	38	3
43	40	5
35	28	24
3	33	50
34	34	3
30	28	46
6	6	17
14	43	9
10	27	45
21	3	23
38	38	27
6	19	34
28	39	35
26	23	19
7	37	6
18	50	42
21	10	16
31	28	26
37	34	22
24	11	14
39	38	11
34	31	11
8	26	49
25	27	45
4	39	43
8	44	42
18	25	27
4	40	28
46	18	50
14	10	5
26	31	30
30	50	14
17	27	23
38	47	7
48	22	31
50	33	34
30	27	10
49	24	17
6	32	50
5	15	20
26	48	26
15	4	41
10	50	22